75.583 -84.417 33 0.45 101 8.2 -16.95833333 4.7 154 -17 2.4
75.583 -84.583 19.8 0.97 101 4.5 -16.80833333 4.9 151 -17 2.4
62.25 -66.25 13 0.52 101 10 -8.591666667 5.4 370 -7.8 4.2
62.25 -66.25 45 0.38 101 10 -8.591666667 5.4 370 -7.8 4.2
75.583 -84.583 3.5 1.57 101 5 -16.80833333 4.9 151 -17 2.4
66.31 -64.69 574 0.19 5.67 3.8 -10.70833333 4.8 392 -11.9 1.8
65.85 -65.56 115 0.63 27.04 17.1 -10.80833333 4.8 364 -10.8 2.8
65.57 -65.16 92 0.02 10.56 3.8 -10.76666667 4.6 384 -10.6 2.8
65.64 -68.06 197 0.11 7.65 23.4 -11.03333333 6 346 -10.8 4.1
66.25 -67.88 85 0.19 10.34 43.8 -10.45 6.4 296 -10.3 4.3
66.61 -66.2 377 0.46 6.5 8 -10.675 5.3 341 -11.6 2.4
66.87 -67.41 459 0.29 3.88 17 -12.2 4.5 318 -11.6 2.9
66.69 -67.75 246 0.11 6.31 7.1 -11.50833333 5.3 311 -11.2 3.4
66.46 -66.93 7 0.1 13.16 11.8 -9.95 6.2 294 -10.2 4
63.48 -71.11 203 0.31 11.78 6.8 -10.46666667 6.2 362 -9.6 4.7
63.62 -69.8 623 0.28 5.14 13.4 -12.71666667 4.3 452 -11.4 3.3
61.96 -66.08 52 0.15 14.1 35.5 -7.766666667 5.9 365 -7.6 4.1
61.68 -65.12 322 0.02 28.15 3.7 -6.95 5.8 344 -6.8 3.9
63.78 -68.54 156 0.04 24.84 4.9 -10.68333333 6.7 425 -10.1 5.2
72.27 -84.68 61 0.03 17.95 10.5 -14.09166667 5.9 173 -14.1 3.4
72.7 -77.38 685.8 0.2 5.69 8.4 -17 3.7 272 -18.2 0.5
72.43 -75.34 106.7 0.32 12.16 4.1 -15.14166667 5.1 153 -13.7 3.9
71.95 -79.33 64 0.15 25.16 3.6 -15.14166667 5.1 171 -14.5 3.6
71.75 -78.32 646.2 0.15 10.1 10.4 -16.54166667 3.7 232 -16.5 1.8
70.96 -70.86 134.1 0.09 10.02 13.2 -14.14166667 4.2 199 -12.7 3.2
69.89 -67.82 158.5 0.14 13.35 13.6 -12.01666667 4.4 233 -12.2 2.7
69.42 -67.31 207.3 0.08 9.15 21 -11.48333333 4.7 233 -11.6 2.9
69.76 -70.65 579.1 0.33 17.8 14.6 -13.90833333 4.5 260 -13.7 2.3
69.88 -70.41 112.8 0.09 25.08 4.8 -14.78333333 3.6 291 -14.6 1.4
63.6 -65.52 597.4 0.65 0.96 17.9 -10.76666667 3.7 491 -10.8 1.8
67.8 -66.28 79.2 0.16 6.41 6.5 -13.53333333 2.8 382 -14 0.4
66.8 -63.96 18.3 0.2 30.11 11 -10.4 5.2 323 -10.7 2.9
66.95 -62.9 201.2 0.18 -1.21 14.7 -10.56666667 5.1 368 -10.2 3.4
66.91 -62.17 152.4 0.08 7.45 18.2 -10.93333333 4.8 471 -10.3 3.2
64.659267 -50.529783 30 9.463693 39 8.1 -4.041666667 6.4 582 -2.6 6.6
64.656433 -50.517967 51 7.046298 0 9 -4.041666667 6.4 582 -2.6 6.6
64.663833 -50.503517 94 4.007079 32 5.75 -4.041666667 6.4 582 -2.6 6.6
64.64945 -50.468167 106 30.243601 0 2.38 -4.6 6 573 -2.4 6.7
64.6573 -50.46455 210 20.533244 27 7.3 -4.6 6 573 -2.4 6.7
64.634267 -50.468417 143 41.759038 23 4.1 -4.6 6 573 -2.4 6.7
64.65615 -50.43555 193 10.373921 30 4.6 -4.6 6 582 -2.6 6.5
64.64715 -50.437317 230 0.272119 37 2.1 -4.6 6 582 -2.6 6.5
64.63785 -50.41385 262 2.605553 34 8.4 -4.6 6 608 -3.1 6.1
64.6369 -50.408383 275 9.045683 37 8.7 -4.6 6 608 -3.1 6.1
64.630183 -50.397267 310 7.770412 41 20.1 -4.6 6 608 -3.1 6.1
64.642067 -50.417067 319 6.78173 25 9.8 -4.6 6 582 -2.6 6.5
64.621833 -50.482133 319 1.64839 17 5.6 -4.6 6 671 -4.1 5.2
64.653367 -50.409233 364 0.431505 46 4.3 -4.6 6 608 -3.1 6.1
64.627433 -50.377033 400 1.317751 28 4.25 -4.6 6 608 -3.1 6.1
64.64945 -50.418883 423 0.099374 13 1.2 -4.6 6 582 -2.6 6.5
64.648033 -50.378267 491 1.696331 28 6.8 -4.6 6 608 -3.1 6.1
64.630033 -50.370817 500 0.363681 0 3 -4.6 6 618 -3.4 5.9
64.6475 -50.37145 514 0.227369 27 4.9 -4.6 6 618 -3.4 5.9
64.6039 -50.486567 605 11.470951 17 6.2 -4.6 6 671 -4.1 5.2
64.60255 -50.501583 608 0.835875 15 4.2 -4.041666667 6.4 658 -3.8 5.4
64.60405 -50.470283 617 15.328168 17 9.6 -4.6 6 671 -4.1 5.2
64.614067 -50.461433 630 0.284475 25 4.95 -4.6 6 671 -4.1 5.2
64.599183 -50.44475 700 3.331673 16 3.9 -4.6 6 687 -4.4 5
64.59725 -50.470233 835 1.994457 9 8.8 -4.6 6 671 -4.1 5.2
66.98667 -50.92833333 120 35.3 128.2 5.5 -5.983333333 9.7 246 -4.9 8.2
66.99667 -50.97 185 36.8 321.1666667 11.2 -5.983333333 9.7 265 -5.2 7.8
66.99833 -51.02833333 175 184 3601 22.2 -5.866666667 9.4 271 -5.3 7.6
66.99 -51.08833333 175 116 4072.333333 28.5 -5.866666667 9.4 274 -5.3 7.6
66.99667 -51.11 175 21.5 3244 12.8 -5.866666667 9.4 274 -5.3 7.6
67.00333 -51.105 185 3.8 219 6.2 -6.333333333 9 271 -5.2 7.6
66.92667 -50.41666667 490 3.4 296.5 2.2 -6.183333333 9.4 274 -5.2 7.9
66.93167 -50.43 520 28.9 287 26.7 -6.183333333 9.4 274 -5.2 7.9
66.93833 -50.415 480 8.6 97 4 -6.183333333 9.4 276 -5.2 7.8
66.935 -50.40166667 470 24.2 175.5 18 -6.183333333 9.4 276 -5.2 7.8
66.925 -50.37666667 490 16.4 64.75 20 -6.183333333 9.4 276 -5.2 7.8
66.92 -50.43666667 475 35.8 79.6 32 -6.183333333 9.4 274 -5.2 7.9
66.99 -50.59833333 215 30.6 2797.8 11.2 -6.358333333 9.4 252 -5 8.2
67.14667 -50.305 470 17 85 9 -6.375 9.1 275 -5.3 7.7
67.15167 -50.325 445 75 107 16.2 -6.375 9.1 275 -5.3 7.7
67.15833 -50.34 470 26 147.5 30 -6.358333333 9.3 267 -5.2 7.8
67.16667 -50.33166667 470 28 113.2 11 -6.425 9.1 265 -5.1 7.9
67.11167 -50.47166667 370 21 130.5 30 -6.358333333 9.3 263 -5.3 7.8
67.10667 -50.49333333 370 10.7 142.3333333 16.2 -6.358333333 9.3 263 -5.3 7.8
66.965 -49.80166667 470 16.3 51 21 -6.966666667 8 328 -5.4 7.1
66.747 -51.80383333 160 50 94 12.4 -5.491666667 7.9 344 -4.9 6.6
66.733 -51.81183333 335 9.5 110 7.5 -5.491666667 7.9 344 -4.9 6.6
66.84683333 -52.61866667 60 3.2 47.33333333 10.3 -4.933333333 6.9 367 -4.4 6
66.85966667 -52.64216667 330 1.5 24.33333333 9 -4.933333333 6.9 364 -4.3 6.1
66.85716667 -52.65116667 330 2.6 29.14285714 3.7 -4.933333333 6.9 364 -4.3 6.1
66.85933333 -52.6555 320 20.7 27.42857143 10.5 -4.933333333 6.9 364 -4.3 6.1
66.49483333 -53.50783333 45 3.1 43.33333333 14.5 -4.266666667 6.2 415 -3.6 5.9
66.49483333 -53.51283333 45 1.3 42.6 8.3 -4.266666667 6.2 415 -3.6 5.9
66.49383333 -53.52966667 50 7.3 36.33333333 8.3 -4.266666667 6.2 415 -3.6 5.9
66.496 -53.52566667 40 40.9 43 25 -4.266666667 6.2 415 -3.6 5.9
66.96 -51.5325 240 13.5 1465 9 -5.766666667 8.2 303 -5.1 7
66.93933333 -51.57516667 330 24 233.5 26 -5.766666667 8.2 307 -5 7
66.93983333 -51.5555 340 144 226.25 47 -5.766666667 8.2 307 -5 7
66.94516667 -51.55866667 345 8.4 345.5 21 -5.766666667 8.2 307 -5 7
66.49366667 -53.50266667 50 168 36.6 67 -4.266666667 6.2 415 -3.6 5.9
66.485 -53.50083333 50 11.8 40.25 18 -4.266666667 6.2 415 -3.6 5.9
66.98266667 -51.05746667 178 24.6 616 13 -5.866666667 9.4 274 -5.3 7.6
73.62 -98.47 131 8.16 68 4 -17.26666667 4.1 115 -17.3 1.6
75.19 -111.92 131 8.16 5 11.3 -18.04166667 3.3 88 -18.5 0.7
75.19 -111.92 215 0.237 7 3 -18.04166667 3.3 88 -18.5 0.7
75.19 -112.01 222 0.222 12 2 -18.2 3.1 91 -18.8 0.3
72.917 -79.583 163 0.216 105 0.5 -15.60833333 5.1 189 -15.8 2.7
72.93 -79.72 195 0.051 18.24 3.8 -15.26666667 5.4 175 -15.2 3.2
72.917 -79.583 198 0.029 16 3.05 -15.60833333 5.1 189 -15.8 2.7
72.917 -79.75 110 0.038 103 1.9 -15.26666667 5.4 175 -15.2 3.2
73.88 -94.87 130 0.14 150 2.1 -16.88333333 4 136 -16.2 2.2
72.59 -95.06 170 0.32 80 5.5 -16.53333333 4.8 137 -16.3 2.5
72.49 -95.09 240 0.13 170 4 -16.41666667 5 133 -16 2.9
72.7 -93.87 190 0.21 2.5 5 -16.31666667 5 131 -15.6 3.3
76.5 -98.16 76 0.06 30 4 -18.25833333 3.3 104 -17.9 1.4
76.5 -98.16 76 0.01 70 1 -18.25833333 3.3 104 -17.9 1.4
76.6 -98.87 46 0.13 80 3.5 -18.08333333 3.6 103 -18.2 1.3
76.51 -98.88 46 0.09 50 5.5 -18.08333333 3.6 103 -18.1 1.3
75.9 -99.21 170 0.08 90 8 -18.26666667 3.2 111 -18.5 0.7
75.53 -98.21 130 0.31 70 9.5 -17.925 3.5 117 -18.1 1
75.52 -99.53 30 0.23 140 3 -17.9 3.6 104 -18.1 1.1
75.43 -99.65 150 0.1104 10 6 -17.975 3.5 110 -18.3 0.9
75.46 -99.91 30 0.2 6 4 -17.76666667 3.7 101 -17.8 1.5
74.68 -94.27 15 0.91 2.5 17 -17.01666667 3.9 135 -16.4 2.1
74.91 -93.52 200 0.17 10 8 -17.23333333 3.9 131 -16.7 2.1
75.22 -93.65 120 0.05 30 6 -17.15833333 4.1 141 -17.3 1.4
79.93 -84.53 70 0.2 1003.6 1.4 -20.16666667 4.7 89 -19.9 2.3
70.46414631 -68.50858422 20 0.715 14 4.5 -12.76666667 4 221 -12.4 2.8
70.47 -68.47 18 0.05 6 2 -12.525 4.1 219 -12.4 2.8
70.48 -68.63 9 0.865 17 12.3 -12.76666667 4 220 -12.4 2.9
79.93 -82.95 350 0.0082 220 7.61 -21 3.5 106 -20 1.7
79.92 -82.93 350 0.0083 190 3.2 -21 3.5 106 -20 1.7
79.92 -82.94 350 0.0035 199 3.9 -21 3.5 106 -20 1.7
79.92 -82.93 350 0.0028 260 3.77 -21 3.5 106 -20 1.7
73.58 -98.45 64 0 23 0.3 -17.26666667 4.1 117 -17.3 1.6
74.93 -88.68 152 0.04 445 7.5 -16.85833333 4.8 123 -16.4 3
74.83 -88.23 91 0.06 99 5.5 -16.81666667 4.7 124 -16.3 3.1
75.52 -92.05 30 0.19 153 11 -17.03333333 4.6 116 -16.5 2.8
75.37 -89.49 152 0.14 175 3 -17.34166667 4.5 121 -16.8 2.8
75.58 -89.31 1 0.83 208 11 -16.99166667 5 108 -16.4 3.2
79.33 -82.54 855 0.37 12 34 -21.76666667 2.3 158 -21.3 0.2
79.92 -82.93 306 0.01 26 3.5 -21 3.5 106 -20 1.7
79.93 -82.94 366 0.01 27 8.1 -21 3.5 106 -20 1.7
79.98 -82.97 305 0 56 2.5 -21 3.5 99 -19.8 1.9
80.57 -84.47 520 0.16 19 14 -22.375 2.7 107 -21.2 1.3
80.81 -84.16 170 0.16 50 2.6 -21.24166667 3.9 84 -20.2 2.2
80.75 -84.68 290 0.14 39 9 -21.925 3.3 92 -20.9 1.7
79.55 -87.91 635 0.2 31 11 -21.61666667 2.7 135 -21.8 0.5
79.69 -87.51 122 0.63 162 3 -20.14166667 4.4 92 -20.1 2.1
80.02 -83.39 91 0.06 366 3.7 -19.68333333 5 83 -19.2 2.6
79.73 -83.47 396 0.07 126 4.5 -20.775 3.7 108 -20 1.8
79.73 -85.81 137 0.15 524 13 -22.80833333 2 89 -20.2 2.4
80.18 -87.69 91 0.11 998 3.7 -20.19166667 4.6 73 -19.6 2.6
79.72 -83.52 366 0.06 293 3.5 -20.4 4.1 106 -19.9 1.9
79.72 -83.5 375 0.04 79 6 -20.775 3.7 108 -20 1.8
63.78 -68.55 175 0.0175 19 4 -10.68333333 6.7 417 -9.9 5.3
63.79 -68.55 159 0.0261 27 1.49 -10.68333333 6.7 417 -9.9 5.3
63.79 -68.53 155 0.0191 20 3 -10.68333333 6.7 425 -10.1 5.2
63.76 -68.45 158 0.088 43 9 -10.525 6.7 440 -10.4 4.8
63.78 -68.44 196 1.0634 35 17.2 -10.525 6.7 440 -10.4 4.8
63.78 -68.54 134 0.0468 39 5.8 -10.68333333 6.7 425 -10.1 5.2
69.87 -95 130 0.09 10 4.5 -16.06666667 6.3 141 -16.1 3.8
69.87 -94.92 140 0.14 39 4 -16.06666667 6.3 143 -16.1 3.8
71.34 -113.82 171 4.34 34.2 5 -15.625 4.7 128 -15.7 2.5
71.34 -113.78 229 0.01 79 6.1 -15.625 4.7 131 -16 2.2
71.31 -113.94 175 1.0375 9.8 7.1 -15 5.2 125 -15.3 3
71.32 -113.97 189 0.28 18.7 4.5 -15 5.2 126 -15.4 2.8
71.36 -113.81 196 0.36 154.8 5.6 -15.625 4.7 128 -15.7 2.5
71.31 -113.67 190 0.125 420 3.3 -15.125 5.2 131 -15.9 2.3
69.8 -112.07 261 0.75 270 15.83 -14.55833333 6 127 -15.2 3.1
69.8 -112.08 253 0.04 280 31.5 -14.55833333 6 127 -15.2 3.1
69.8 -112.07 264 0.24 280 25.9 -14.55833333 6 127 -15.2 3.1
69.8 -112.07 330 0.16 173 21 -14.55833333 6 127 -15.2 3.1
69.8 -112.08 330 0 74 4.2 -14.55833333 6 127 -15.2 3.1
72.18 -78.51 533 0.39 4.34 17.65 -16.78333333 3.7 220 -16.5 2
72.21 -78.64 686 0.509 2.63 20.6 -16.78333333 3.7 235 -16.9 1.6
72.24 -78.71 427 1.137 3.45 4.4 -16.125 4.4 217 -16.4 2.1
72.083 -78.417 366 2.003 5 13 -15.9 4.5 156 -14.4 3.8
79.94 -84.62 70 0.27 506 5 -20.16666667 4.7 86 -19.7 2.6
68.58 -91.94 198 0.3644 4 8.72 -15.53333333 7 187 -15.6 4
68.57 -91.96 192 0.1105 16 8.72 -15.53333333 7 185 -15.5 4.2
68.58 -91.92 196 0.0117 11 0.6 -15.53333333 7 187 -15.6 4
68.58 -91.91 189 0.0748 20 3 -15.53333333 7 187 -15.5 4.1
68.59 -91.88 181 0.0208 14 12.37 -15.53333333 7 180 -15.3 4.4
68.55 -83.29 240 0.045 54 8.8 -14.26666667 6.2 236 -14.1 3.4
68.55 -83.29 240 0.0135 52 7.8 -14.26666667 6.2 236 -14.1 3.4
79.93 -84.67 138 0.003 569.17 5.5 -20.10833333 4.8 84 -19.6 2.6
72.29 -109.97 140 0.02 88 7.5 -16.46666667 5.1 94 -16.7 2.4
72.28 -109.94 147 0.28 75 4 -16.46666667 5.1 91 -16.5 2.6
72.29 -109.83 270 4.15 99 14.3 -16.50833333 5.1 96 -16.9 2.2
72.31 -109.87 305 1.1 97 9.6 -16.46666667 5.1 95 -16.8 2.2
73.58 -98.48 110 0.41 65 6 -17.26666667 4.1 117 -17.3 1.6
66.012733 -21.406 73 0.053 189 1.3 0.9 7.9 760 2.2 8.3
66.010717 -21.4165 66 0.054 129 0.8 0.9 7.9 760 2.2 8.3
66.002567 -21.360167 43 0.383 243 1.1 0.9 7.9 745 2.5 8.6
66.013067 -21.477 23 0.026 188 0.5 0.9 7.9 783 1.9 8
65.682767 -21.737 90 1.5 74 56.9 1.216666667 8.4 802 2.3 8.4
65.74135 -21.7735 178 0.31 111 2.7 1.216666667 8.4 827 1.9 7.9
65.7417 -21.800833 175 0.125 112 0.4 1.216666667 8.4 839 1.7 7.7
65.767583 -21.632667 162 0.073 165 4.3 1.216666667 8.4 802 2.1 8.1
65.767083 -21.615833 157 0.06 137 1.4 1.216666667 8.4 794 2.3 8.3
65.748933 -22.1055 437 0.118 82 1.4 1.158333333 8.2 919 0.8 6.8
65.773267 -22.182667 418 0.621 74 1.8 1.158333333 8.2 916 0.9 7
65.755783 -22.147 441 0.163 76 3.6 1.158333333 8.2 922 0.7 6.8
65.795317 -22.611833 317 0.036 87 0.9 1.366666667 8.3 943 1.7 7.6
65.935283 -22.677333 123 0.578 88 3.8 1.366666667 8.3 937 2.1 8
65.979733 -22.657167 46 0.572 124 1.4 1.366666667 8.3 913 2.3 8.2
65.766217 -23.127167 402 0.125 128 1.3 1.241666667 8 1103 1.9 7.6
65.620483 -23.223167 381 0.045 78 0.6 1.241666667 8 1118 2.2 7.7
65.653417 -23.267167 498 0.056 68 2.3 1.241666667 8 1162 1.6 7.2
65.6598 -23.239 426 0.05 68 0.6 1.241666667 8 1181 0.9 6.6
65.576917 -22.393 28 0.325 82 0.6 1.516666667 8.5 826 2.9 8.8
65.750367 -22.1655 422 0.263 63 2 1.158333333 8.2 922 0.7 6.8
65.711583 -22.138167 484 0.187 60 2.5 1.158333333 8.2 923 0.7 6.8
65.7035 -22.106833 453 0.092 59 7.6 1.15 8.2 914 0.9 7
65.6929 -22.081333 462 0.067 58 3.4 1.15 8.2 916 0.8 6.9
65.790783 -22.2195 369 0.107 87 0.7 1.158333333 8.2 910 1.1 7.1
65.776917 -22.212333 391 0.058 75 0.8 1.158333333 8.2 910 1.1 7.1
65.67325 -22.030167 489 0.187 60 2.2 1.15 8.2 914 0.8 6.9
65.553767 -22.108 60 0.176 163 1.3 1.75 8.8 821 2.5 8.5
65.553683 -21.7845 396 0.168 92 21.3 1.075 8.3 889 1.2 7.2
65.553567 -21.786 391 0.101 74 3.1 1.075 8.3 889 1.2 7.2
65.53875 -21.806 398 0.07 63 3.3 1.075 8.3 875 1.4 7.4
65.528217 -21.828 375 0.022 67 1.7 1.075 8.3 875 1.4 7.4
65.220167 -21.2625 173 0.088 134 0.9 0.758333333 8.1 858 2.6 8.5
65.0589 -21.581333 52 2.6 103 40 0.791666667 8.1 878 2.4 8.3
65.016883 -22.061333 65 0.239 157 1 1.591666667 8.6 803 3.5 9.3
64.939233 -22.230833 158 0.229 128 11.6 2.566666667 9.4 843 3.1 8.9
65.041083 -22.739667 25 0.195 194 2.3 2.041666667 9 793 3.9 9.5
64.819917 -23.175167 21 0.53 166 3.3 2.491666667 9.1 964 4.4 9.7
64.912667 -22.227 72 2.7 194 17.8 2.566666667 9.4 816 3.6 9.4
64.7536 -22.267833 46 0.167 143 0.7 2.566666667 9.4 823 3.9 9.7
64.8667 -23.560833 301 0.061 54 1.3 2.433333333 8.9 1164 2.9 8.2
64.870983 -23.588833 206 0.024 70 3.1 2.433333333 8.9 1176 2.9 8.2
65.045067 -22.796333 12 0.099 203 1.3 2.041666667 9 807 4 9.6
65.05905 -22.714 21 0.071 143 1.2 2.041666667 9 784 3.8 9.5
65.01475 -22.071667 11 0.287 85 14.3 2.041666667 9 803 3.5 9.3
64.91135 -22.880167 198 1.6 46 32.4 2.358333333 9.1 978 2.6 8.2
64.809217 -23.0365 25 0.812 122 1.2 2.491666667 9.1 917 4.3 9.7
64.900983 -22.153 86 4.1 67 19 2.566666667 9.4 849 3.1 8.9
65.5949  -23.121 20 2.1 31 33.8 1.241666667 8 1011 3.2 8.7
65.7084 -23.104667 550 0.256 32 18.8 1.241666667 8 1133 1 6.7
65.734433 -23.1615 297 0.01 29 1 1.241666667 8 1113 1.7 7.4
65.748017 -23.158167 213 0.032 39 0.7 1.241666667 8 1113 1.7 7.4
66.12685 -23.246167 8 1 73 1.5 0.966666667 7.6 1076 2.3 8
