0 0 0 0 0 1.117318436 0 0 0 0 0 0 0 0 0 0 0 0 0 0 0 0 0 0 0 0 0 0 0 0 0 0 0 0 0 0 0 0 0 0 0 0 0 0 0 0 0 0 0 0 0 0 0 0 0 0 27.37430168 0 5.586592179 0 0 0 0 0 1.117318436 0 0 1.117318436 0 0 22.90502793 0 0 0 3.351955307 1.117318436 0 0 0 0 0 1.675977654 0 0 0 0 0 0 0 0 0 5.027932961 0 0 2.793296089 0 0 0 0 0 7.262569832 0 0 0 0 0 0 4.469273743 0 0 0 0 0 0 0 0 0
0 0 0 0 5.217391304 0 0 0 0 0 0 0 0 3.47826087 0 0 0 0 0 0 0 0 0 0 0 0 0 0 0 0 0 0 0 0 0 0 0 0 0 0 0 0 0 0 0 0 0 0 0 0 0 0 0 0 0 0 20.86956522 0 14.7826087 0 0 0 0 0 1.739130435 5.217391304 0 0 0 0 25.2173913 0 0 0 0 0 0 0 0 0 0 0 0 0 0 0 0 0 0 0 0 2.608695652 1.739130435 0 0 0 0 0 11.30434783 0 0 0 0 0 0 0 0 0 0 0 0 0 0 0 0 0 0
13.24786325 0 0 1.709401709 0 0 0 0 0 0 0 0 0 0 0 0 0 0 0 0 0 0 0 1.709401709 0 0 0.427350427 0 0 0 0 0 0 0 0 0 0 3.846153846 0 0 0 0 2.991452991 13.24786325 3.846153846 0.854700855 4.273504274 8.547008547 0 0 0 0 0 3.846153846 0 0 7.692307692 0 0.854700855 0 0 0 0 0 0 0 0 1.282051282 0 0 2.991452991 0 0 0 4.273504274 0 0 0 0 0 0 0.854700855 0 0 0 0 0 0 0 0 0 0 0 0 0 0 0 0 0 0 0 0 0 0 0 0 0 0 0 0 0 1.709401709 0.427350427 0 0 0 0
12.98076923 0 0 2.884615385 0 0 0 0 0 0 0 0 0 0 0.961538462 0 0 0 0 0 0 0 0 0 0 0 0 0 0 0.961538462 0 0 0 0 0 0 0 0.961538462 0 0 0 0 6.25 8.173076923 0.961538462 1.442307692 12.5 10.57692308 0 0 0 0 0 2.884615385 0 0 13.46153846 0 1.923076923 0 0 0 0 0 0 0 0 0 0 0 0 0 0 0 2.403846154 0 0 0 0 0 0 1.923076923 0 0 0 0 0 0 0 0 0 0 0 0 0 0 0 0 0 0 0 0 0 0 0 0 0 0 0 0 0 0 0 0 0 0 0
0 0 0 0 0 1.19760479 0 0 0 0 0 0 0 1.19760479 0 0 0 1.19760479 0 0 0 0 0 0 0 0 0 0 0 0 0 0 0 0 0 0 0 9.580838323 0 0 0 0 0 0 0 0 0 0 0 0 0 0 0 0 0 0 0 0 39.52095808 0 0 0 0 0 0 0 1.19760479 0 0 0 0 0 0 0 0 0 0 0 0 0 0 0 0 0 0 0 0 0 0 0 0 7.185628743 0 0 0 0 0 0 26.94610778 0 0 0 0 0 0 0 0 0 0 0 0 0 0 0 0 0 0
1.267828843 0 0.316957211 4.754358162 0 4.754358162 0.792393027 0 0 0 0 0 0 3.169572108 0 0 0 0 0 0 0 0 0 0 0 0 0 0 0 0 0 0 0 0 0.316957211 0 0 0.316957211 0 0 0 0 0.792393027 0.792393027 0.950871632 0 1.901743265 3.328050713 0 0 0 0 0 0.950871632 0 0 17.7496038 0 0.950871632 0 0 0 0 0 0 0 0 0 0 0 0 0 0 0 0 0 0 0.950871632 0 3.328050713 6.656101426 0.316957211 0 1.901743265 0 0 0 0 0 0 0 0.475435816 0 0 0 0 0 0 1.267828843 0 0 3.328050713 0 0 0 0 0 14.7385103 0 0 0 0 0.158478605 0 0 0.316957211 0.316957211
18.4 0 0 1.6 0 0 0 0 0 0 0 0 0 0 0 0 0 0 0 0 0 0 0 0 0 0 0 0 0 0 0 0 0 0 0 0 0 0 0 0 0 0 15.2 3.2 0.8 0 3.2 4 0 0 0 0 0 15.2 0 0 18.4 0 0 0 0 0 0 0 0 0 0 0 0 0 0 0 0 0 0 0 0 0 0 0 0 0 0 0 0 0 0 0 0 0 0 3.2 0 0 0 0 0 0 0 0 0 0 0 0 0 0 0 0 0 0 0 0 1.6 0 0 0 0
16.08040201 0 0 0 0 4.020100503 0 0 0 0 0 0 0 5.025125628 0 0 0 0 0 0 0 1.507537688 0 0 0 0 0 0 0 0 0 0 0 0 0 0 0 0 0 0 0 0 0 8.040201005 1.005025126 0 0 2.512562814 0 0 0 0 0 0 1.005025126 0 19.59798995 0 0 0 0 0 1.005025126 0 0 0 0 0 0 0 0 0 0 0 0 0 0 0 0 0 0 0 0 0 0 0 0 0 0 0 0 1.005025126 1.005025126 0 5.025125628 0 0 0 13.06532663 2.010050251 0 1.005025126 0 0 0 0 0 2.010050251 0 0 0 1.005025126 0 0 0 0 0
0 0 0 0 0 11.34020619 0 0 0 0 0 0 0 0 2.06185567 1.030927835 0 0 0 0 0 0 0 0 0 0 0 0 0 0 0 0 0 0 0 0 0 0 0 0 0 0 1.030927835 0 1.030927835 0 3.092783505 0 0 0 0 0 0 1.030927835 0 0 21.64948454 0 0 0 0 0 0 0 0 0 0 0 0 0 0 0 0 0 0 0 0 0 0 0 0 0 0 0 0 0 0 0 0 0 0 0 0 0 0 0 0 0 38.65979381 0 0 0 0 0 0 0 0 3.092783505 0 0 0 0 3.092783505 0 0 0 0
0.740740741 0 0 0 0 0 0 0 0 0 0 0 0 0 1.481481481 0 0 2.962962963 0 0 0 0 0 0 0 0 0 0 0 0 0 0 0 0 0 0 0 0 0 0 0 0 4.444444444 11.11111111 7.407407407 0 15.55555556 12.59259259 0 0 0 0 0 2.962962963 0 0 5.925925926 0 0 0 0 0 0 0 0 0 0 0 0 0 0 0 0 0 0 0 0 0 0 2.962962963 0 0 0 0 0 0 0 0 0 0 0 7.407407407 0 0 0 0 0 0 0 0 0 0 0 0 0 0 0 1.481481481 0 0 0 0 1.481481481 0 0 0 0
0 0 0 4.316546763 0 0 0 0 0 0 0 0 0 0 0 0 0 0 0 0 0 0 0 0 0 0 0 0 0 0 0 0 0 0 0 0 0 0 0 0 0 0 3.597122302 15.10791367 1.438848921 0 5.035971223 2.877697842 0 0 0 0 0 3.597122302 0 0 12.94964029 0 0 0 0 0 0 0 0 0 0 0 0 0 0 0 0 0 0 0 0 0 0 0 2.877697842 0 0 0 0 0 0 0 0 0 0 0 0 0 0 0 0 0 0 0 0 1.438848921 0 0 0 0 0 15.10791367 0 0 0 0 6.474820144 0 0 0 0
28.90625 0 0 0 0 1.5625 0 0 0 0 0 0 0 1.5625 0 0 0 0 0 0 0 0 0 0 0 0 0 0 0 0 0 0 0 0 0 0 0 0 0 0 0 0 1.5625 17.96875 9.375 0 0 8.59375 0 0 0 0 0 3.125 0 0 7.8125 0 0 0 0 0 0 0 0 0 0 0 0 0 4.6875 0 0 0 0 0 0 0 0 0 0 1.5625 0 0 0 0 0 0 0 0 0 0 0.78125 0 0 0 0 0 0 0 0 0 0 0 0 0 0 0 0 0 0 0 0 0 0 0 0
4.411764706 0 0 16.17647059 0 0.735294118 8.455882353 0 0 0 0 0 0 0 0 0 0 0.735294118 0 0 0 0 0 0 0 0 0 0 0 0 0 0 0 0 0 0 0 0 0 0 0.367647059 0 0.735294118 2.941176471 1.102941176 0 1.102941176 3.308823529 0 0 0 0 1.102941176 1.838235294 0 0 8.455882353 0 0 0 0 0 0 0 0 0.735294118 0 0 0 0 3.308823529 0 0 0 2.573529412 0 0 0 0 4.044117647 0 0 0 0 0 0 0 0 0 0 0.735294118 0 0 0 0 0 0 0 0.735294118 0 1.470588235 20.95588235 0 0 0 0 0 0 0 0 0 0 2.573529412 0 0 0 0
15.58441558 0 0 0.779220779 0 0.519480519 0 0 0.519480519 0 0 0 0 0 0 0 0 0 0 0 0 0 0.519480519 0 0 0 0 0 0 0 0 0 0 0 0 0 0 0 0 0 0 0 9.61038961 3.376623377 5.714285714 0 9.090909091 3.116883117 0 0 0 0 0 2.597402597 0 0 16.36363636 0 0 0 0 0 0 0 0 0 0 0 0 0 0.25974026 0 0 0 2.597402597 1.298701299 0 0 0 1.038961039 0 0 0 0 0 0 0 0 0 0 0 0 0 0 0 0 0 0 0 0 0 3.116883117 0 0 0 0 0 1.558441558 0 0 0 0 5.194805195 0 0 0 0.519480519
4.672897196 0 0.934579439 2.803738318 0 0 0 0 0 0 0 0 0 0 0 0 0 0 0 0 0 2.803738318 0.934579439 0 0 0 0 0 0 0 0 0 0 0 0 0 0 0 0 0 0 0 9.345794393 8.878504673 5.140186916 0.46728972 10.74766355 2.803738318 0 0 0 0 0 4.205607477 0 0 16.35514019 0 0.934579439 0 0 0 0 0 0 0 0 0 0 0 3.738317757 0 0 0 1.869158879 0.934579439 0 0 0 0 0 1.401869159 0 0 0 1.869158879 0 0 0 0 0.46728972 0 0 0 0 0 0 0 1.869158879 0 0 0 0 0 0 0 0 0 0 0 0 0 0.46728972 0 0 0 0
4.575163399 0 0 0 0 0 0 0 0 0 0 0 0 0 0 0 0 0 0 0 0 0 0 0 0 0 0 0 0 0 0 0 0 0 0 0 0 0 0 0 0 0 0.653594771 9.150326797 0.653594771 0 15.68627451 3.921568627 0 0 0 0 0 3.921568627 0 0 16.99346405 0 4.575163399 0 0 0 0.653594771 0 0 0 1.307189542 0 0 0 5.22875817 0 0 0 0 0 0 0 0 0 0 0 0 0 0 0 0 0 0 0 0 2.614379085 0 0 0 0 0 0 5.22875817 0 0 0 0 1.307189542 0 0 0 2.614379085 0 0 0 0 0 0 0 0 0
5.82010582 0 0 0 0 0 0 0 0 0 0 0 0 0 0 0 0 1.058201058 0 0 0 0 0 0 0 0 0 0 0 0 0 0 0 0 0 0 0 0 0 0 2.116402116 0 0 1.587301587 1.058201058 0 44.97354497 5.82010582 0 0 0 0 0 1.058201058 0 0 17.98941799 0 1.058201058 0 0 0 0 0 0 0 0 0 0 0 0.529100529 0 0 0 1.058201058 0 0 0 0 0 0 0 0 0 0 0 0 0 0 0 0 3.174603175 0 0 0 0 0 0 0 0 0 0 0 0 0 0 0 2.116402116 0 0 0 0 0 0 0 0 0
24.76190476 0 0 0 0 0 0 0 0 0 0 0 0 1.904761905 0 0 0 0 0 0 0 0 0 0 0 0 0 0 0 0 0 0 0 0 0 0 0 0 0 0 0 0 0 0.952380952 0 0 2.857142857 0 0 0 0 0 0 0 0 0 0 0 1.904761905 0 0 0 0 0 0 0 0 0 0 0 51.42857143 0 0 0 0 0 0 0 0 0 1.904761905 0 0 0 0 0 0 0 0 0 0 0 0 0 0 0 0 0 0 0 0 1.904761905 0 0 0 0 0 0 0 0 0 0 0 0 0 0 0
1.895734597 0 0 1.895734597 0 0 3.317535545 0 0 0 0.947867299 0 0 3.791469194 0 0 0 0 0 0 0 1.421800948 0 0 0 0 0 0 0 0 0 0 0 0 0 0 0 0 0 0 0 0 4.265402844 4.739336493 0.947867299 0 5.687203791 3.791469194 0 0 0 0 0 1.421800948 0 0 6.63507109 0 0.947867299 0 0 0 0 0 0 0 0 0 0 0 1.421800948 0 0 0 0 1.421800948 0 0 0 3.791469194 3.791469194 0.473933649 0.947867299 0 0 1.421800948 0 0 0 0 0.947867299 0 0 0 0 0 0 0 6.63507109 0 5.687203791 4.739336493 0 0 0 0 0 1.421800948 0 0 0 1.421800948 8.056872038 0 0 0 0
0 0 0 0 0 0 0 0 0 0 0 0 0 0 0 0 0 0 0 0 0 0 0 0 0 0 0 0 0 0 0 0 0 0 0 0 0 0 0 0 0 0 4.020100503 3.015075377 3.51758794 0 24.62311558 8.040201005 0 0 0 0 0 16.58291457 1.005025126 0 14.57286432 0 0 0 0 0 0 0 0 0 0 0 0 0 0 0 0 0 5.527638191 0 0 0 0 0 0 1.005025126 0 0 0 0.502512563 0 0 0 0 0 0.502512563 0 0 0 0 0 0 0 0 0 0 0 0 0 0 0 0 0 0 0 0 4.020100503 0 0 0 0
4.385964912 0 0 0 0 0 0 0 0 0 0 0 0 0 0 0 0 0 0 0 0 0 0 0 0 0 0 0 0 0 0 0 0 0 0 0 0 1.754385965 0 0 0 0 0 0 0 0 0.877192982 0.877192982 0 0 0 0 0 0 0 0 0.877192982 0 24.56140351 0 0 0 36.84210526 0 0 0 1.754385965 0 0 0 0 0 0 0 0 0 0 0 0 0 0 0 0 0 0 0 0 0 0 0 0 13.15789474 5.263157895 0 0 0 0 0 0 0 0 0 0 0 0 0 0 0 0 0 0 0 0 0 0 0 0
12.55813953 0 0 0 0 3.720930233 0 0 0 0 0 0 0 0 0 0 0 0 0 0 0 0 0 0 0 0 0 0 0 0 0 0 0 0 0 0 0 0 0 0 0 0 0 0 0 0 0 0 0 0 0 0 0 0.930232558 0 0 2.790697674 0 5.581395349 0 0 0 0 0 12.09302326 2.325581395 0 0 0 0 0 0 0 0 0 0 0 0 0 0 0 0.930232558 0 0 0 0 0 0 0 0 0 12.09302326 0.930232558 0 0 0 0 0 35.34883721 0 0 0 0 0 0 0 0 0 0 0 0 0 2.325581395 0 0 0 0
2.427184466 0 0 0 0 0 0 0 0 0 0 0 0 0 0 0 0 0 0 0 0 0 0 0 0 0 0 0 0 0 0 0 0 0 0 0 0 0 0 0 0 0 3.398058252 13.59223301 0.970873786 0 12.13592233 9.708737864 0 0 0 0 0 3.883495146 0 0 14.5631068 0 0.970873786 0 0 0 0 0 0 0 0 0 0 0 4.854368932 0 0 0 2.912621359 0 0 0 0 1.941747573 2.912621359 0 0 0 0 0.970873786 0 0 0 0 0.970873786 0 0 0 0 0 0 0 0 0 0 1.941747573 0 0 0 0 0 2.912621359 0 0 0 0 5.339805825 0 0 0 0
1.156069364 0 0 0 0 0 0 0 0 0 0 0 0 0 0 0 0 0 0 0 0 0 0 9.826589595 0 0 0 0 0 0 0 0 0 0 0 0 0 0 0 0 0 0 0 0.578034682 0 0 0.578034682 0 0 0 0 0 0 0 0 0 20.80924855 0 14.45086705 0 0 0 9.248554913 0 0 0 0 0 0 0 0 0 0 0 0 0 0 0 0 0 0 0 0 0 0 0 0 0 0 0 0 9.826589595 1.156069364 0 0 0 0 0 18.49710983 0 0 0 0 0 0 0 0 0 0 0 0 0 0 0 0 0 0
27.24935733 0 1.542416452 0 0 1.028277635 0 0 0 0 0 0 0 0.514138817 0 0 0 0 0 0 0 0 0 0 0 0 0 0 0 0 0 0 0 0 0 0 0 0 0 0 0.257069409 0 3.598971722 6.940874036 7.455012853 0 5.398457584 2.827763496 0 0 0 0 0 2.05655527 0 0 8.740359897 0 0 0 0 0 0 0 1.542416452 0 1.542416452 0 0 0 0 0 0 0 0 0 0 0 0 1.542416452 0 2.313624679 0 0 0 0 0 0 0 0 0 0 0 0 0 0 0 0 6.683804627 0 0 0 0 0 0 0 0 2.570694087 0 0 0 0 4.11311054 0 0 0 0
26.92307692 0 0 0 0 1.282051282 0 0 0 0 0 0 0 0 0 0 0 0 0 0 0 0 0 0 0 0 0 0 0 0 0 0 0 0 0 0 0 0 0 0 0 0 2.564102564 1.923076923 0 0 7.692307692 3.846153846 0 0 0 0 0 2.564102564 0 0 12.17948718 0 1.282051282 0 0 0 1.282051282 0 0 0 0 0 0 0 0 0 0 0 0.641025641 0 0 0 0 0 0 1.282051282 0 0 0 0 0 0 0 0 0 1.282051282 0 0 0 0 0 0 8.974358974 0 0 0 0 0 0 0 2.564102564 1.282051282 0 0 0 0 1.923076923 0 0 0 0
0 0 0 0 0 0 0 0 0 0 0 0 0 0 0 0 0 0 0 0 0 0 0 0 0 0 0 0 0 0 0 0 0 0 0 0 0 0 0 0 0 0 1.818181818 0 0 0 11.36363636 2.272727273 0 0 0 0 0 0 0 0 0 0 5.454545455 0 0 0 63.63636364 0 2.727272727 0 0 0 0 0 0 0 0 0 0 0 0 0 0 0 0 0 0 0 0 0 0 0 0 0 0 3.181818182 1.818181818 0 0 0 0 0 0 0 0 0 0 0 0 0 0 0 0 0 0 0 0.909090909 0 0 0 0
0.636942675 0 0 0 0 3.821656051 0 0 0 0 0 0 0 0 0 0 0 0 0 0 0 0 0 0 0 0 1.27388535 0 0 0 0 0 0 0 0 0 0 0 0 0 0 0 0 0 0 0 0 0 0 0 0 0 0 0 0 0 24.84076433 0 11.46496815 0 0 0 1.27388535 0 0 0 0 4.458598726 0 0 0 0 0 0 0 0 0 0 0 0 0 0 0 0 0 0 0 0 0 0 0 19.10828025 6.369426752 0 0 0 0 0 7.643312102 0 0 0 0 0 0 0 3.821656051 5.095541401 0 0 0 0 0 0 0 0 0
3.333333333 0 0 4.848484848 0 1.212121212 1.515151515 0 0 0 0 0 0 0.606060606 0 0 0 0 0 0 0 0 0 0 0 0 0 0 0 0 0 0 0 0 0 0 0 0 0 0 0 0 5.151515152 6.363636364 4.242424242 0 4.545454545 3.939393939 0 0 0 0 0.909090909 14.24242424 0 0 8.484848485 0 0 0 0 0 0 0 0 0 0 0 0 0 0.606060606 0 0 0 3.333333333 0 0 2.424242424 0 10.90909091 0 0 0 0 0 0.303030303 0.303030303 0 0 0 0 0 0 0 0 0 0 0 1.818181818 0 0 1.212121212 0 0 0 0 0 1.818181818 0 0 0 0.303030303 1.515151515 0 0 0 0
28.45528455 0 0 0 0 1.62601626 0 0 0 0 0 0 0 1.62601626 0 0 0 0 0 0 0 0 0 0 0 0 0 0 0 0 0 0 0 0 0 0 0 0 0 0 0 0 0 0 0 0 0 0 0 0 0 0 0 0 0 0 15.44715447 0 1.62601626 0 0 0 2.43902439 0 0 0 0 0 0 0 0 0 0 0 0 0 0 0 0 0 0 0 0 0 0 0 0 0 0 0 0 4.87804878 1.62601626 0 0 0 0 0 17.07317073 0 0 0 0 0 0 0 6.504065041 0 0 0 0 0 0 0 0 0 0
7.287449393 0 0 4.858299595 0 0 9.71659919 15.38461538 0 0 0 0 0 2.429149798 0 0 0 0.809716599 0 0 0 0 0 0 0 0 0 0 0 0 0 0 0 0 0 0 0 0 0 0 0 0 2.429149798 2.834008097 4.858299595 0 7.692307692 0 0 0 0 0 0 8.906882591 0 0 5.263157895 0 0 0 0 0 0 0 0 0 0 0 0 0 0.4048583 0 0 0 2.429149798 0.809716599 0 0 1.214574899 0 0 2.429149798 0 0 0 0 0 0 0 0 0 0 0 0 0 0 0 0 0.809716599 0 0 0.809716599 0 0 0 0 0 2.834008097 0 0 0 0 0.4048583 0 0 0 0
0 0 0 0 0 0 0 0 0 0 0 0 0 5.240174672 0 0 0 0 0 0 0 0 0 0 0 0 0 0 0 0 0 0 0 0 0 0 0 0 0 0 0 0 1.965065502 17.46724891 4.585152838 0 2.183406114 7.860262009 0 0 0 0 0 5.895196507 0 0 25.32751092 0 0 0 0 0 0 0 0 0 0 0 0 0 0 0 0 0 0 0 0 0 0.436681223 0 1.746724891 0.873362445 0 0 0 0.655021834 0 0 0 0 0 0 0 0 0 0 0 0 0 0 0 0 0 0 0 0 0 0 0 0 0 0 0.218340611 0 0 0 0
11.76470588 0 0 0 0 0 0 0 0 0 0 0 0 0 0 0 0 7.239819005 0 0 0 0 0 0 0 0 0 0 0 0 0 0 0 0 0 0 0 0.904977376 0 0 0 0 2.262443439 9.954751131 0 0 3.167420814 6.334841629 0 0 0 0 0 7.239819005 0 0 11.76470588 0 0 0 0 0 0 0 0 0 0 0 0 0 0 0 0 0 1.357466063 0 0 0 0.904977376 0 0 3.167420814 0 0 0 0 0 0 0 0 0 0.452488688 0 0 0 0 0 0 1.357466063 0 0 0 0 0 0 0 0.904977376 0 0 0 0 3.619909502 0.904977376 0 0 0 0.904977376
14.59854015 0 0 0 0 14.59854015 0 0 0 0 0 0 0 0 0 0 0 0 0 0 0 0 0 0 0 0 0 0 0 0 0 0 0 0 0 0 0 0 0 0 0 0 0 0 0 0 0 0 0 0 0 0 0 0.729927007 1.459854015 0 8.759124088 0 0 0 0 0 0 0 0 0 0 0 0 0 0 0 0 0 1.459854015 0 0 0 0 0 0 0 0 0 0 0 0 0 0 0 0 0 1.459854015 0 0 0 0 0 40.87591241 0 0 0 0 0 0 0 0 0 0 0 0 0 0 0 0 0 0
0 0 1.19047619 0 0 0 0 0 0 0 0 0 0 0 0 0 0 1.19047619 0 0 0 0 0 0 0 0 0 0 0 0 0 0 0 1.19047619 0 0 0 0 0 0 0 0 7.738095238 0 0 19.64285714 26.78571429 4.761904762 0 0 0 0 1.19047619 0 0 0 22.02380952 0 0 0 0 0 0 0 0 0 0 0 0 0 0 0 0 0 0 0 0 0 0 0 0 0 0 0 0 0 0 1.785714286 0 0 0 0 0 0 0 0 0 0 0 0 0 0 0 0 1.19047619 0 0 0 0 0 0 1.19047619 0 0 0 0 0
0 0 0 0 0 0 0 1.020408163 0 0 0 0 0 3.571428571 0 0 0 1.530612245 0 0 0 0 0 0 0 0.510204082 0 0 0 0 0 0 0 2.040816327 0 0 0 0 0 0 0 0 3.06122449 0 0 9.693877551 15.30612245 0 0 0 0 0 0 0 0 0 33.67346939 0 0 0 0 0 0 0 0 0 0 0 0 0 0 3.06122449 0 0 0 0 0 0 0 0 2.040816327 0 0 0 0 0 0 6.12244898 0 0 0 0 0 0 0 0 0 0 0 0 0 0 0 0 0 0 0 0 0 0 0 0 0 0 0 0 0
0 0 0.621118012 1.242236025 0 3.105590062 8.385093168 0 0 0 0 0 0 0 0 0 0 1.863354037 0 0 0 0 0 0 0 1.242236025 0.310559006 0 0 0 0 0 0 1.242236025 0 0 0 0 0 0 0 0 0.310559006 0 0 18.94409938 0 0.310559006 0 0 0 0 2.48447205 0 0 0 32.91925466 0 0 0 0 0 0 0 0 0 0 0 0 0 0 2.48447205 0 0 0 0 0 0 0 0.621118012 0 0 0 0 0 0 1.242236025 10.2484472 0 0 0 0 0 0 0 0 0 0 0 0 0 0 0 0 3.726708075 2.48447205 0 0 0 0 0 0 0 0 0 0 0
0 0 11.17318436 0 0 1.117318436 4.469273743 0 0 0 0 0 0 2.234636872 0 0 0 2.234636872 0 0 0 0 0 0 0 1.675977654 0 0 0 0 0 0 0 3.351955307 0 0 0 0 0 0 0 0 0 0 0 15.6424581 0.558659218 0.558659218 0 0 0 0 0 0 0 0 18.99441341 0 0 0 0 0 0 0 0 0 0 0 0 0 0 1.117318436 0 0 0 0 0 0 0 0 1.117318436 0 0 0 0 0 0 25.1396648 0 0 0 0 0 0 0 0 0 0 0 0 0 0 0 0 2.234636872 1.117318436 0 0 0 0 0 0 0 0 0 0 0
0 0 0 0 0 0 5.847953216 2.339181287 0 0 0 0 0 0 0 0 0 1.169590643 0 0 0 0 0 0 0 1.169590643 0 0 0 0 0 0 0 0 0 0 0 0 0 0 0 0 0 0 0 7.602339181 0 0 0 0 0 0 0 0 0 0 26.9005848 0 0 0 0 0 0 0 0 0 0 0 0 0 0 1.169590643 0 0 0 0 0 0 0 0 1.169590643 0 0 0 0 0 0 22.22222222 0 0 0 0 0 1.169590643 0 0 0 0 0 0 0 0 0 0 0 0 0 0 0 0 0 0 0 0 0 0 0
0 0 9.401709402 0.854700855 0 1.709401709 5.982905983 0.854700855 0 0 0 0 0 0 0 0 0 0 0 0 1.282051282 0 0 0 0 1.282051282 0.427350427 0.854700855 0 0 0 0 0 0 0 0 0 0 0 0 0 0 0.427350427 0 0 22.22222222 1.282051282 0 0 0 0 0 0 0 0 0 33.33333333 0 0 0 0 0 0 0 0 0 0 0 0 0 0 0.854700855 0 0 0 0 0 0 0 0.854700855 1.709401709 0 0 0 0 0 0 5.982905983 0 0 0.427350427 0 0 0 0 0 0 0 0 0 0 0 0 0 1.709401709 2.564102564 0 0 0 0 0 0 0 0 0 0 0
0 0 14.21319797 0 0 4.060913706 1.015228426 0 0 0 0 0 0 1.015228426 0 0 0 0 0 0 0 0 0 0 0 4.060913706 0 0 0 0 0 0 0 2.030456853 0 0 0 0 0 0 0 0 0 0 0 24.36548223 0 0.507614213 0 0 0 0 0 0 0 0 25.38071066 0 0 0 0 0 0 0 0 0 0 0 0 0 0 1.015228426 0 0 0 0 0 0 0 0 8.121827411 0 0 0 0 0 0 9.137055838 0 0 0 0 0 0 0 0 0 0 0 0 0 0 0 0 0 1.015228426 0 0 0 0 0 0 0 0 0 0 0
0 3.225806452 0.403225806 0.806451613 2.016129032 9.274193548 5.64516129 0 0 0 0 0 0 6.451612903 0 0 0 1.612903226 0 0 0 0 0 0 0 2.822580645 1.209677419 0 0 0 0 0 0 0.806451613 0 0 0 0.201612903 0.403225806 0.403225806 0 0 0 0 0 0.60483871 0 0 0 0 0 0 1.612903226 0 0 0 6.653225806 0 0 0 0 0 0 0 0.403225806 0 0.403225806 0 0 0 0 0 0.403225806 0 0 0 0 0 0 0 20.56451613 0 0 0 0 0 3.225806452 21.77419355 0 0 0 0 0 0 0 0 0 0 0 0.403225806 0 0 0 0 1.612903226 2.217741935 0 0 0.403225806 0 0 0.403225806 0 0 0 0 0
0 0 2.843601896 0 0 0 0.947867299 0 0 0 0 0 0 0 0 0 0 0 0 0 0 0 0 0 0 1.895734597 0 0 0 0 0 0 0 1.895734597 0 0 0 0 0 0 0 0 0 0 0 25.11848341 0 0 0 0 0 0 0 0 0 0 31.7535545 0 0 0 0 0 0 0 0 0 0 0 0 0 0 3.791469194 0 0 0 0 0 0 0 0 16.11374408 0 0 0 0 0 0 2.843601896 0 0 0 0 0 0 0 0 0 0 0 0 0 0 0 0 0.947867299 1.895734597 0 0 0 0 0 0 0 0 0 0 0
0 0 0 0 0 0 0 0 0 0 0 0 0 0 0 0 0 0 0 0 0 0 0 0 0 0 0 0 0 0 0 0 0 0 0 0 0 0 0 0 0 0 5.042016807 0 0 8.403361345 10.92436975 3.361344538 0 0 0 0 0 0 0 0 39.49579832 0 0 0 0 0 0 0 0 0 0 0 0 0 0 3.361344538 0 0 0 0 0 0 0 0 25.21008403 0 0 0 0 0 0 0.840336134 0 0 0 0 0 0 0 0 0 0 0 0 0 0 0 0 0 0 0 0 0 0 0 0 0 0 0 0 0
0 0 10.08403361 0 0 0 0 0 0 0 0 0 0 0 0 0 0 0 0 0 0 0 0 0 0 2.521008403 0 0 0 0 0 0 0 5.042016807 0 0 0 0 0 0 0 0 0 0 0 7.56302521 27.73109244 0.840336134 0 0 0 0 0 0 0 0 20.16806723 0 0 0 0 0 0 0 0 0 0 0 0 0 0 3.361344538 0 0 0 0 0 0 0 0 6.722689076 0 0 0 0 0 0 9.243697479 0 0 0 0 0 0 0 0 0 0 0 0 0 0 0 0 0 0 0 0 0 0 0 0 0 0 0 0 0
0 0.938967136 6.572769953 0 0 0 0 0 0 0 0 0 0 0 0 0 0 0.938967136 0 0 0 0 0 0 0 0 0 0 0 0 0 0 0 0 0 0 0 0 0 0 0 0 2.34741784 0 0 26.76056338 4.694835681 1.408450704 0 0 0 0 0 0 0 0 25.35211268 0 0 0 0 0 0 0 0 0 0 0.938967136 0 0 0 5.633802817 0 0 0 0 0 0 0 0 16.90140845 0 0 0 0 0 0 4.225352113 0 0 0 0 0 0 0 0 0 0 0 0 0 0 0 0 0 0 0 0 0 0 0 0 0 0 0 0 0
0 0.505050505 9.090909091 0.505050505 0 3.03030303 6.818181818 0 0 0 0 0 0 0.505050505 0 0 0 0 0 0 0 0 0.505050505 0 0 1.767676768 0 0 0 0 0 0 0 1.01010101 0 0 0 0 0 0 0 0 0 0 0 16.41414141 0 0.252525253 0 0 0 0 0 0 0 0 32.07070707 0 0 0 0 0 0 0 0 0 0 0 0 0 0 0.505050505 0 0 0 0 0 0 0 0.505050505 1.01010101 0 0 0 0 0 0.505050505 10.85858586 0 0 0 0 0 0 0 0 0 0 0 0 0 0 0 0 4.545454545 1.01010101 0 0 0 0 0 0 0 0 0 0 0
0 0.357142857 1.785714286 0.357142857 0 1.785714286 2.5 0 0 0 0 0 0 3.214285714 0 0 0 0.714285714 0 0 0 0 0 0 0 2.5 0 0 0 0 0 0 0 2.142857143 0 0 0 0 0 0 0 0 0 0 0 8.571428571 0 0 0 0 0 0 0 0 0 0 33.21428571 0 0 0 0 0 0 0 0 0 0 0 0 0 0 0 0 0 0 0 0 0 0 0.357142857 11.42857143 0 0 0 0 0 0.714285714 3.571428571 0 0 0 0 0 0 0 0 0 0 0 0 0 0 0 0 11.07142857 0.357142857 0 0 0 0 0.357142857 0 0 0 0 0 0
0 0 11.27819549 0 0 6.015037594 3.007518797 0 0 0 0 0 0 2.255639098 0 0 0 0 0 0 0.751879699 0 0 0 0 0.37593985 0 0 0 0 0 0 0 3.759398496 0 0 0 0 0 0 0 0 0 0 0 16.91729323 0 0 0 0 0 0 0 0 0 0 21.42857143 0 0 0 0 0 0 0 0 0 0 0 0 0 0 0.751879699 0 0 0 0 0 0 0 0 9.022556391 0 0 0 0 0 0 11.27819549 0 0 0 0 0 0 0 0 0 0 0 0 0 0 0 0 0 0.751879699 0 0 0 0 0 0 0 0 0 0 0
0 0 0 0 0 7.272727273 12.12121212 0 0 0 0 0 0 3.636363636 0 0 0 0 0 0 2.424242424 0 0 0 0 1.212121212 0 0 0 0 0 0 0 14.54545455 0 0 0 0 0 0 0 0 0 0 0 13.93939394 0 0 0 0 0 0 0 0 0 0 8.484848485 0 0 0 0 0 0 0 0 0 0 0 0 0 0 0 0 0 0 0 0 0 0 0 3.636363636 0 0 0 0 0 1.212121212 23.63636364 0 0 0 0 0 0 0 0 0 0 0 0 0 0 0 0 0 3.636363636 0 0 0 0 0 0 0 0 0 0 0
0 0 4.724409449 0 0 1.57480315 0 0 0 0 0 0 0 0 0 0 0 0 0 0 0 0 0 0 0 0 3.937007874 0 0 0 0 0 0 0.787401575 0 0 0 0 0 0 0 0 0 0 0 12.5984252 0 0.393700787 0 0 0 0 0 0 0 0 42.12598425 0 0 0 0 0 0 0 0 0 0 0 0 0 0 0 0 0 0 0 0 0 0 0 15.7480315 0 0 0 0 0 0 3.149606299 0 0 0 0 0 0 0 0 0 0 0 0 0 0 0 0 5.511811024 0 0 0 0 0 0 0 0 0 0 0 0
0 2.209944751 0 1.104972376 0 25.41436464 9.944751381 0 0 0 0 0 0 2.209944751 0 0 0 3.314917127 0 0 0 0 0 0 0 3.867403315 0 0 0 0 0 0 0 6.077348066 0 0 0 0 0 0 0 0 0 0 0 3.867403315 0 0.552486188 0 0 0 0 0 0 0 0 9.392265193 0 0 0 0 0 0 0 0 0 0 0 0 0 0 0 0 0 0 0 0 0 0 0 4.419889503 0 0 0 0 0 2.209944751 12.15469613 0 0 0 0 0 0 0 0 0 0 0 0 0 0 0 0 2.209944751 6.629834254 0 0 0 0 0 0 0 0 0 0 0
0 1.484230056 0 0 0 1.85528757 1.113172542 0 0 0 0 0 0 8.53432282 0 0 0 7.792207792 0 0 0 0 0 0 0 6.12244898 1.484230056 0 0 0 0 0 0 0.371057514 0 0 0 0 0 0 0 0 1.85528757 0 0 16.88311688 0 0 0 0 0 0 0.371057514 0 0 0.742115028 16.32653061 0 0 0 0 0 0 0 0 0 0 0 0 0 0 0 0 0 0 0 0 0 0.371057514 0.371057514 11.50278293 0 0 0 0 0 1.85528757 16.32653061 0 0 0 0 0 0 0 0 0 0 0 0 0 0 0 0 1.113172542 1.113172542 0 0 0 0 0 0 0 0 0 0 0
0 0 0 0 0 1.257861635 3.773584906 0 0 0 0 0 0 0 0 0 0 1.257861635 0 0 0 0 0 0 1.257861635 0.628930818 0 0 0 0 0 0 0 0 0 0 0 0 0 0 0 0 2.51572327 0 0 2.51572327 2.51572327 0.628930818 0 0 0 0 0 0 0 0 49.68553459 0 0 0 0 0 0 0 0 0 0 0 0 0 0 0 0 0 0 0 0 0 0 0 12.57861635 0 0 0 0 0 0 3.773584906 0 0 0 0 0 0 0 0 0 0 0 0 0 0 0 0 1.257861635 1.257861635 0 0 0 0 0 0 0 0 0 0 0
0 1.171875 0.78125 0.390625 0 23.828125 11.328125 0.390625 0 0 0 0 0 3.90625 0 0 0 4.6875 0 0 0 0 0 0 0 0.390625 0.390625 0 0 0 0 0 0 0.78125 0 0 0 0 0 0 0 0 0 0 0 5.078125 0 0 0 0 0 0 0 0 0 0 11.328125 0 0 0 0 0 0 0 0 0 0 0 0 0 0 0 0 0 0 0 0 0 0 0 10.15625 0 0 0 0 0 4.296875 13.671875 0 0 0.9765625 0 0 0 0 0 0 0 0 0.390625 0 0 0 0 3.125 0.390625 0 0 0 0 0 0 0 0 0 0 0
0 0 0 0 0 0 0 0 0 0 0 0 0 0 0 0 0 0 0 0 0 0 0 0 0 0 0 0 0 0 0 0 0 0 0 0 0 0 0 0 0 0 0 0 0 7.096774194 3.870967742 1.290322581 0 0 0 0 0 0 0 0 51.61290323 0 0 0 0 0 0 0 0 0 0 0 0 0 0 0 0 0 0 0 0 0 0 0 21.93548387 0 0 0 0 0 1.290322581 0 0 0 0 0 0 0 0 0 0 0 0 0 0 0 0 0 0 0 0 0 0 0 0 0 0 0 0 0 0
0 1.587301587 1.587301587 0.529100529 0 5.291005291 3.174603175 0 0 0 0 0 0 4.232804233 0 0 0 1.058201058 0 0 0 0 0 0 0 0.529100529 0 0 0 0 0 0 0 0.529100529 0 0 0 0 0 0 0 0 0 0 0 11.11111111 0 0 0 0 0 0 1.058201058 0 0 0 14.55026455 0 0 0 0 0 0 0 0 0 0 0 0 0 0 0 0 0 0 0 0 0 0 0.529100529 14.81481481 0 0 0 0 0 4.761904762 11.11111111 0 0 0 0 0 0 0 0 0 0 0 0 0 0 0 0 18.25396825 0 0 0 0 0 0 0 0 0 0 0 0
0 1.503759398 7.518796992 0 0 5.263157895 6.015037594 0 0 0 0 0 0 3.007518797 0 0 0 6.766917293 0 0 0 0 0 0 0 7.142857143 1.127819549 0 0 0 0 0 0 3.007518797 0 0 0 0 0 0 0 0 0 0 0 6.766917293 0 0 0 0 0 0 0 0 0 0 15.03759398 0 0 0 0 0 0 0 0 0 0 0 0 0 0 0 0 0 0 0 0 0 0 0 13.53383459 0 0 0 0 0 1.503759398 17.29323308 0 0 0 0 0 0 0 0 0 0 0 0 0 0 0 0 0 0 0 0 0 0 0 0 0 0 0 0 0
0 0 21.79487179 0 0 0 0 0 0 0 0 0 0 1.282051282 0 0 0 0 0 0 0 0 0 0 0 0 0 0 0 0 0 0 0 0 0 0 0 0 0 0 0 0 0 0 0 3.205128205 0 0 0 0 0 0 0 0 0 0 37.82051282 0 0 0 0 0 0 0 0 0 0 0 0 0 0 0 0 0 0 0 0 0 0 0 12.82051282 0 0 0 0 0 0 6.41025641 0 0 0 0 0 0 0 0 0 0 0 0 0 0 0 0 0 1.282051282 0 0 0 0 0 0 0 0 0 0 0
0 4.945054945 0.549450549 2.197802198 0 0 58.79120879 1.098901099 0 0 0 0 0 0.549450549 0 0 0 0 0 0 0 0 0 0 0 0 0 0 0 0 0 0 0 2.197802198 0 0 0 0 0 0 0 0 0 0 0 0 0 0 0 0 0 0 0 0 0 0.549450549 0 0 0 0 0 0 0 0 0 0 0 0 0 0 0 0 0 0 0 0 0 0 0 0 2.747252747 0 0 3.846153846 0 0 0 6.043956044 0 0 0 0 0 0 0 0 0 0 0 0 0 2.197802198 3.846153846 0 0 0 0 0 0 0 0 0 0 0 0 0 0
0 9.278350515 2.06185567 2.06185567 0 0 6.18556701 0 0 0 0 0 0 1.030927835 0 0 0 0 0 0 0 0 0 0 0 0 0 0 0 0 0 0 0 5.154639175 0 0 0 0 0 0 0 0 0 0 0 1.030927835 0 0 0 0 0 0 0 0 0 25.77319588 19.58762887 0 0 0 0 0 0 0 0 0 0 0 0 0 0 0 0 0 0 0 0 0 0 0 17.5257732 0 0 0 0 0 0 8.24742268 0 0 0 0 0 0 0 0 0 0 0 0 0 1.030927835 0 0 0 0 0 0 0 0 0 0 0 0 0 0 0
0 0 0 0 0 0 0.561797753 0 0 0 0 0 0 0.561797753 0 0 0 0 0 0 0 0 0 0 0 0 0 0 0 0 0 0 0 0 0 0 0 0 0 0 0 0 0 0 0 0 0 0 0 0 0 0 0 0 0 56.17977528 10.11235955 0 0 0 0 0 0 0 0 0 0 0 0 0 0 0 0 0 0 0 0 0 0 0 13.48314607 0 0 8.988764045 0 0 0 3.93258427 0 0 0 0 0 0 0 0 0 0 0 0 0 0 3.93258427 0 0 0 0 0 0 0 0 0 0 0 0 0 1.123595506
0 0 0 0 0 0 1.282051282 0 0 0 0 0 0 0 0 0 0 0 0 0 0 0 0 0 0 0 0 0 0 0 0 0 0 2.564102564 0 0 0 0 0 0 0 0 0 0 0 0 0 0 0 0 0 0 0 0 0 37.17948718 43.58974359 0 0 0 0 0 0 0 0 0 0 0 0 0 0 0 0 0 0 0 0 0 0 0 11.53846154 0 0 1.282051282 0 0 0 1.282051282 0 0 0 0 0 0 0 0 0 0 0 0 0 0 0 0 0 0 0 0 0 0 0 0 0 0 0 0 0
0 7.407407407 0 0 0 0 3.703703704 0 0 0 0 0 0 3.703703704 0 0 0 0 0 0 0 0 0 0 0 0 0 0 0 0 0 0 0 1.234567901 0 0 0 0 0 0 0 0 0 0 0 0 0 0 0 0 0 0 0 0 0 13.58024691 1.234567901 0 0 0 0 0 0 0 0 0 0 0 0 0 0 0 0 0 0 0 0 0 0 0 2.469135802 0 0 22.22222222 0 0 0 25.92592593 0 0 0 0 0 0 0 0 0 0 0 0 0 0 11.11111111 0 0 0 0 0 0 0 0 0 0 0 0 0 0
0 13.2231405 0 25.61983471 0 0 9.090909091 0 0 0 0 0 0 0.826446281 0 0 0 0 0 0 0 0 0 0 0 0 0 0 0 0 0 0 0 2.479338843 0 0 0 0 0 0 0 0 0 0 0 0 0 0 0 0 0 0 0 0 0 4.958677686 1.652892562 0 0 0 0 0 0 0 0 0 0 0 0 0 0 0 0 0 0 0 0 0 0 0 19.00826446 0 0 0.826446281 0 0 0 13.2231405 0 0 0 0 0 0 0 0 0 0 0 0 0 7.438016529 0 0 0 0 0 0 0 0 0 0 0 0 0 0 0
0 18.63117871 0 0 0 0 21.6730038 0 0 0 0 0 0 2.281368821 0 0 0 0 0 0 0 0 0 0 0 1.520912548 1.520912548 0 0 0 0 0 0 14.06844106 0 0 0 0 0 0 0 0 0 0 0 0 0 0 0 0 0 0 0 0 0 0 0 0 0 0 0 0 0 0 0 0 0 0 0 0 0.380228137 0 0 0 0 0 0 0 0 0 17.4904943 0 0 3.041825095 0 0 0 14.4486692 0 0 0 0 0 0 0 0 0 0 0 0 0 1.901140684 0 0 0 3.041825095 0 0 0 0 0 0 0 0 0 0 0
0 0 6.617647059 0 0 0 1.470588235 0 0 0 0 0 0 0.735294118 0 0 0 0 0 0 0 0 0 0 0 0 6.617647059 0 0 0 0 0 0 5.147058824 0 0 0 0 0 0 0 0 0 0 0 0 0 0 0 0 0 0 0 0 0 46.32352941 16.17647059 0 0 0 0 0 0 0 0 0 0 0 0 0 0 0 0 0 0 0 0 0 0 0 8.823529412 0 0 0 0 0 0 5.882352941 0 0 0 0 0 0 0 0 0 0 0 0 0 1.470588235 0 0 0 0.735294118 0 0 0 0 0 0 0 0 0 0 0
0 10.66666667 1.333333333 0 0 0 30.66666667 0 0 0 0 0 0 1.333333333 0 0 0 0 0 0 0 0 0 0 0 0 2 0 0 0 0 0 0 6.666666667 0 0 0 0 0 0 0 0 0 0 0 0 0 0 0 0 0 0 0 0 0 8 4 0 0 0 0 0 0 0 0 0 0 0 0 0 0 0 0 0 0 0 0 0 0 0 15.33333333 0 0 0 0 0 0 17.33333333 0 0 0 0 0 0 0 0 0 0 0 0 0 0 0 0 0 0 0 0 0 0 0 0 0 0 0 0 0
0 0 2.380952381 3.571428571 0 0 2.380952381 0 0 0 0 0 0 1.19047619 0 0 0 0 0 0 0 0 0 0 0 0 1.19047619 0 0 0 0 0 0 0 0 0 0 0 0 0 0 0 0 0 0 2.380952381 0 0 0 0 0 0 0 0 0 35.71428571 26.19047619 0 0 0 0 0 0 0 0 0 0 0 0 0 0 0 0 0 0 0 0 0 0 0 10.71428571 0 0 0 0 0 0 9.523809524 0 0 0 0 0 0 0 0 0 0 0 0 0 0 3.571428571 0 0 0 0 0 0 0 0 0 0 0 0 0 0
0 0.729927007 7.299270073 2.189781022 0 0 1.459854015 0 0 0 0 0 0 4.379562044 0 0 0 0 0 0 0 0 0 0 0 2.919708029 2.189781022 0 0 0 0 0 0 1.459854015 0 0 0 0 0 0 0 0 0 0 0 0 0 0 0 0 0 0 0 0 0 37.95620438 22.62773723 0 0 0 0 0 0 5.109489051 0 0 0 0 0 0 0 0.729927007 0 0 0 0 0 0 0 0 0 0 0 0 0 0 0 8.759124088 0 0 0 0 0 0 0 0 0 0 0 0 0 0 0 0 0 0 0 0 0 0 0 0 0 0 0 0 0
0 0 2.083333333 2.083333333 0 0 0 0 0 0 0 0 0 0 0 0 0 0 0 0 0 0 0 0 0 0 0 0 0 0 0 0 0 0 0 0 0 0 0 0 0 0 2.083333333 0 0 0 27.08333333 0 0 0 0 0 0 0 0 16.66666667 37.5 0 0 0 0 0 0 0 0 0 0 0 0 0 0 0 0 0 0 0 0 0 0 0 0 0 0 2.083333333 0 0 0 8.333333333 0 0 0 0 0 0 0 0 0 0 0 0 0 0 2.083333333 0 0 0 0 0 0 0 0 0 0 0 0 0 0
0 12.6984127 0 0 0 0 1.587301587 0 0 0 0 0 0 2.116402116 0 0 0 0 0 0 0 0 0 0 0 0 0 0 0 0 0 0 0 4.761904762 0 0 0 0 0 0 0 0 0 0 0 0 0 0 0 0 0 0 0 0 0.529100529 0.529100529 0 0 0 0 0 0 0 0 0 0 0 0 0 0 0 0 0 0 0 0 0 0 0 0 5.291005291 0 0 3.174603175 0 0 0 32.8042328 0 0 0 0 0 0 0 0 0 0 0 0 0 0 31.21693122 0 0 0 0 0 0 0 0 0 0 0 0 0 0
0 3.603603604 0 4.504504505 0 0 22.52252252 0 0 0 0 0 0 1.801801802 0 0 0 0 0 0 0 0 0 0 0 0 0 0 0 0 0 0 0 9.90990991 0 0 0 0 0 0 0 0 0 0 0 0 0 0 0 0 0 0 0 0 0 7.207207207 10.81081081 0 0 0 0 0 0 0 0 0 0 0 0 0 0 0 0 0 0 0 0 0 0 0.900900901 12.61261261 0 0 2.702702703 0 0 0 17.11711712 0 0 0 0 0 0 0 0 0 0 0 0 0 2.702702703 0 0 0 0.900900901 0 0 0 0 0 0 0 0 0 0 0
0 8.648648649 1.621621622 2.702702703 0 0 21.62162162 0 0 0 0 0 0 3.783783784 0 0 0 0 0 0 0 0 0 0 0 1.081081081 0 0 0 0 0 0 0 10.81081081 0 0 0 0 0 0 0 0 0 0 0 0 0 0 0 0 0 0 0 0 0 9.189189189 9.189189189 0 0 0 0 0 0 0.540540541 0 0 0 0 0 0 0 0 0 0 0 0 0 0 0 0 8.648648649 0 0 3.783783784 0 0 0 15.13513514 0 0 0 0 0 0 0 0 0 0 0 0 0 0.540540541 0 0 0 0 0 0 0 0 0 0 0 0 0 0 0
0 0 5.095541401 7.006369427 0 0 7.006369427 0 0 0 0 0 0 1.910828025 0 0 0 0 0 0 0 0 0 0 0 0 0 0 0 0 0 0 0 3.821656051 0 0 0 0 0 0 0 0 0 0 0 0.636942675 1.27388535 0 0 0 0 0 0 0 0 36.30573248 15.2866242 0 0 0 0 0 0 0 0 0 0 0 0 0 0 0 0 0 0 0 0 0 0 0 7.006369427 0 0 1.27388535 0 0 0 10.82802548 0 0 0 0 0 0 0 0 0 0 0 0 0 1.910828025 0 0 0 0 0 0 0 0 0 0 0 0 0 0 0
0 0 5.607476636 8.411214953 0 0 2.803738318 0 0 0 0 0 0 3.738317757 0 0 0 0 0 0 0 0 0 0 0 0 0 0 0 0 0 0 0 3.738317757 0 0 0 0 0 0 0 0 0 0 0 0.934579439 4.672897196 0 0 0 0 0 0 0 0 29.90654206 11.21495327 0 0 0 0 0 0 0 0 0 0 0 0 0 0 0.934579439 0 0 0 0 0 0 0 0 12.14953271 0 0 0.934579439 0 0 0 6.542056075 0 0 0 0 0 0 0 0 0 0 0 0 0 4.672897196 0 0 0 0 0 0 0 0 0 0 0 0 0 0 0
0 0 0.651465798 0 0 0 0.651465798 0 0 0 0 0 0 0.651465798 0 0 0 0 0 0 0 0 0 0 0 0 0 0 0 0 0 0 0 0.651465798 0 0 0 0 0 0 0 0 0 0 0 0 9.771986971 0 0 0 0 0 0 0 0 35.17915309 36.15635179 0 0 0 0 0 0 0 0 0 0 0 0 0 0 0 0 0 0 0 0 0 0 0 6.840390879 0 0 0 0 0 0 5.537459283 0 0 0 0 0 0 0 0 0 0 0 0 0 0 0 0 0 0 0 0 0 0 0 0 0 0 0 0 0
0 3 0 0 0 0 10 0 0 0 0 0 0 14 0 0 0 0 0 0 0 0 0 0 0 4 0 0 0 0 0 0 0 2 0 0 0 0 0 0 0 0 0 0 0 0 0 0 0 0 0 0 0 0 0 26 11 0 0 0 0 0 0 0 0 0 0 0 0 0 0 0 0 0 0 0 0 0 0 0 11 0 0 0 0 0 0 11 0 0 0 0 0 0 0 0 0 0 0 1 0 1 0 0 0 0 0 0 0 0 0 0 0 0 0 0 0
0 0 3.546099291 14.89361702 0 0 4.255319149 0 0 0 0 0 0 4.964539007 0 0 0 0 0 0 0 0 0 0 0 0 0 0 0 0 0 0 0 0 0 0 0 0 0 0 0 0 1.418439716 0 0 3.546099291 1.418439716 0 0 0 0 0 0 0 0 32.62411348 12.76595745 0 0 0 0 0 0 0 0 0 0 0 0 0 0 0 0 0 0 0 0 0 0 0 13.4751773 0 0 0 0 0 0 3.546099291 0 0 0 0 0 0 0 0 0 0 0 0 0 0 0 0 0 0 0 0 0 0 0 0 0 0 0 0 0
0 0 3.910614525 3.910614525 0 0 25.1396648 0 0 0 0 0 0 0.558659218 0 0 0 0 0 0 0 0 0 0 0 0 0 0 0 0 0 0 0 17.31843575 0 0 0 0 0 0 0 0 1.117318436 0 0 2.234636872 0 0 0 0 0 0 0 0 0 13.40782123 21.7877095 0 0 0 0 0 0 0 0 0 0 0 0 0 0 3.351955307 0 0 0 0 0 0 0 0 0 0 0 0 0 0 0 5.586592179 0 0 0 0 0 0 0 0 0 0 0 0 0 0.558659218 0 0 0 0.558659218 0 0 0 0 0 0 0 0 0 0 0
0 1.818181818 0.909090909 0 0 0 13.63636364 0.909090909 0 0 0 0 0 0.909090909 0 0 0 0 0 0 0 0 0 0 0 0 0 0 0 0 0 0 0 28.18181818 0 0 0 0 0 0 0 0 0.909090909 0 0 1.818181818 0.909090909 0 0 0 0 0 0.909090909 0 0 2.727272727 5.454545455 0 0 0 0 0 0 0 0 0 0 0 0 0 0 0 0 0 0 0 0 0 0 0 0.909090909 0 0 0 0 0 0 40 0 0 0 0 0 0 0 0 0 0 0 0 0 0 0 0 0 0 0 0 0 0 0 0 0 0 0 0 0
0 0 0 2.158273381 0 0 4.316546763 0.71942446 0 0 0 0 0 2.158273381 0 0 0 0 0 0 0 0 0 0 0 0 2.877697842 0 0 0 0 0 0 1.438848921 0 0 0 0.71942446 0 0 0 0 0 0 0 2.877697842 6.474820144 0 0 0 0 0 1.438848921 0 0 34.5323741 16.54676259 0 0 0 0 0 0 0 0 0 0 0 0 0 0 0 0 0 0 0 0 0 0 0 0.71942446 0 0 0 0 0 0 21.58273381 0 0 0 0 0 0 0 0 0 0 0 0 0 1.438848921 0 0 0 0 0 0 0 0 0 0 0 0 0 0 0
0 19.13043478 4.347826087 0 0 0 23.04347826 0 0 0 0 0 0 4.782608696 0 0 0 0 0 0 0 0 0 0 0 3.47826087 2.173913043 0 0 0 0 0 0 0 0 0 0 0 0 0 0 0 0.434782609 0 0 0 0 0 0 0 0 0 0 0 0 0 1.739130435 0 0 0 0 0 0 0 0 0 0 0 0 0 0 0 0 0 0 0 0 0 0 0 3.913043478 0 0 6.956521739 0 0 0 25.2173913 0 0 0 0 0 0 0 0 0 0 0 0 0 2.173913043 0 0 0 0 0 0 0 0 0 0 0 0 0 0 0.869565217
0 0 0 0 0 0 0 1.666666667 0 0 0 0 0 1.666666667 0 0 0 0 0 0 0 0 0 0 0 0 1.666666667 0 0 0 0 0 0 0 0 0 0 0 0 0 0 0 0 0 0 0 0 0 0 0 0 0 0 0 0 16.66666667 18.33333333 0 0 0 0 0 0 0 0 0 0 0 0 0 0 0 0 0 0 0 0 0 0 0 0 0 0 0 0 0 0 51.66666667 0 0 0 0 0 0 0 0 0 0 0 0 0 3.333333333 0 0 0 0 0 0 0 0 0 0 0 0 0 0 0
0 0 2.631578947 5.263157895 0 0 1.973684211 0.657894737 0 0 0 0 0 0 0 0 0 0 0 0 0 0 0 0 0 0 0 0 0 0 0 0 0 0 0 0 0 0 0 0 0 0 0 0 0 3.947368421 2.631578947 0 0 0 0 0 0 1.315789474 0 32.89473684 32.89473684 0 0 0 0 0 0 0 0 0 0 0 0 0 0 1.315789474 0 0 0 0 0 0 0 0 0.657894737 0 0 0 0 0 0 13.15789474 0 0 0 0 0 0 0 0 0 0 0 0 0 0.657894737 0 0 0 0 0 0 0 0 0 0 0 0 0 0 0
0 0 2.325581395 5.813953488 0 0 3.488372093 0 0 0 0 0 0 5.813953488 0 0 0 0 0 0 0 0 0 0 0 0 0 0 0 0 0 0 0 0 0 0 0 0 0 0 0 0 1.162790698 1.162790698 0 8.139534884 5.813953488 0 0 0 0 0 0 0 0 20.93023256 12.79069767 0 0 0 0 0 0 0 0 0 0 0 0 0 0 1.162790698 0 0 0 0 0 0 0 0 2.325581395 0 0 0 0 0 0 18.60465116 0 0 0 0 0 0 0 0 0 0 0 0 0 2.325581395 0 0 0 0 0 0 0 0 0 0 0 0 0 0 0
0 0 1.442307692 23.55769231 0 0 9.615384615 0 0 0 0 0 0 2.403846154 0 0 0 0 0 0 0 0 0 0 0 0 0 0 0 0 0 0 0 0 0 0 0 0 0 0 0 0 0 0 0 5.769230769 3.365384615 0 0 0 0 0 0 0 0 11.53846154 14.42307692 0 0 0 0 0 0 0 0 0 0 0 0 0 0 0.480769231 0 0 0 0 0 0 0 0 2.884615385 0 0 0 0 0 0 11.53846154 0 0 0 0 0 0 0 0 0 0 0 0 0 8.173076923 0 0 0 0 0 0 0 0 0 0 0 0 0 0 0
0 1.234567901 0 8.641975309 0 0 17.28395062 0 0 0 0 0 0 3.703703704 0 0 0 0 0 0 0 0 0 0 0 3.703703704 2.469135802 0 0 0 0 0 0 0 0 0 0 0 0 0 0 0 0 0 0 1.234567901 0 0 0 0 0 0 0 0 0 9.87654321 12.34567901 0 0 0 0 0 0 2.469135802 0 0 0 0 0 0 0 0 0 0 0 0 0 0 0 0 4.938271605 0 0 0 0 0 0 28.39506173 0 0 0 0 0 0 0 0 0 0 0 0 0 0 0 0 0 0 0 0 0 0 0 0 0 0 0 0 2.469135802
0 0 8.510638298 2.127659574 0 0 0 0 0 0 0 0 0 0 0 0 0 0 0 0 0 0 0 0 0 2.127659574 0 0 0 0 0 0 0 0 0 0 0 0 0 0 0 0 0 0 0 21.27659574 17.0212766 0 0 0 0 0 0 0 0 14.89361702 21.27659574 0 0 0 0 0 0 0 0 0 0 0 0 0 0 2.127659574 0 0 0 0 0 0 0 0 0 0 0 0 0 0 0 6.382978723 0 0 0 0 0 0 0 0 0 0 0 0 0 0 0 0 0 0 0 0 0 0 0 0 0 0 0 0 0
0 16.38418079 7.344632768 0 0 0 12.42937853 0 0 0 0 0 0 0.564971751 0 0 0 0 0 0 0 0 0 0 0 0 0.564971751 0 0 0 0 0 0 20.9039548 0 0 0 0 0 0 0 0 0 0 0 0.564971751 0 0 0 0 0 0 0 0 0 0 0 0 0 0 0 0 0 0 0 0 0 0 0 0 0 0 0 0 0 0 0 0 0 0 10.73446328 0 0 6.214689266 0 0 0 23.72881356 0 0 0 0 0 0 0 0 0 0 0 0 0 0 0 0 0 0 0 0 0 0 0 0 0 0 0 0 0
0 0.492610837 13.79310345 0 0 0 0.985221675 0 0 0 0 0 0 0 0 0 0 0 0 0 0 0 0 0 0 0.492610837 0 0 0 0 0 0 0 0 0 0 0 0 0 0 0 0 1.97044335 0 0 15.27093596 0 0 0 0 0 0 0 0 0 45.32019704 13.79310345 0 0 0 0 0 0 0 0 0 0 0 0 0 0 0.492610837 0 0 0 0 0 0 0 0 5.418719212 0 0 0 0 0 0 1.97044335 0 0 0 0 0 0 0 0 0 0 0 0 0 0 0 0 0 0 0 0 0 0 0 0 0 0 0 0 0
0 0 9.523809524 0 0 0 0 0 0 0 0 0 0 0 0 0 0 0 0 0 0 0 0 0 0 0 0 0 0 0 0 0 0 0 0 0 0 0 0 0 0 0 0 0 0 9.523809524 7.142857143 0 0 0 0 0 0 0 0 0 61.9047619 0 0 0 0 0 0 0 0 0 0 0 0 0 0 0 0 0 0 0 0 0 0 0 11.9047619 0 0 0 0 0 0 0 0 0 0 0 0 0 0 0 0 0 0 0 0 0 0 0 0 0 0 0 0 0 0 0 0 0 0 0 0
0 0.961538462 3.365384615 0 0 0 1.442307692 0 0 0 0 0 0 1.923076923 0 0 0 0 0 0 0 0 0 0 0 0 0 0 0 0 0 0 0 0.480769231 0 0 0 0 0 0 0 0 0 0 0 1.442307692 0 0 0 0 0 0 0 0 0 48.55769231 29.80769231 0 0 0 0 0 0 0.480769231 0 0 0 0 0 0 0 0 0 0 0 0 0 0 0 0 2.884615385 0 0 0 0 0 0 8.173076923 0 0 0 0 0 0 0 0 0 0 0 0 0 0 0 0 0 0 0 0 0 0 0 0 0 0 0 0 0.480769231
0 0 0.99009901 3.96039604 0 0 0 0 0 0 0 0 0 0 0 0 0 0 0 0 0 0 0 0 0 1.98019802 0.99009901 0 0 0 0 0 0 0 0 0 0 0 0 0 0 0 0 0 0 4.95049505 41.58415842 0 5.940594059 0 0 0 0 0 0 1.98019802 22.77227723 0 0 0 0 0 0 0 0 0 0 0 0 0 0 3.96039604 0 0 0 0 0 0 0 0 0.99009901 0 0 0 0 0 0 8.910891089 0 0 0 0 0 0 0 0 0 0 0 0 0 0 0 0 0 0 0 0 0 0 0 0 0 0 0 0 0
0 0 2.877697842 8.633093525 0 0 0 0 0 0 0 0 0 0.71942446 0 0 0 0 0 0 0 0 0 0 0 1.438848921 1.438848921 0 0 0 0 0 0 0 0 0 0 0 0 0 0 0 0 0 0 5.755395683 15.82733813 0 1.438848921 0 0 0 0.71942446 0 0 9.352517986 28.77697842 0 0 0 0 0 0 0 0 0 0 0 0 0 0 0.71942446 0 0 0 0 0 0 0 0 0.71942446 0 0 0 0 0 0 15.10791367 0 0 0 0 0 0 0 0 0 0 0 0 0 0 0 0 0 0 0 0 0 0 0 0 0 0 0 0 0
0 25 4.545454545 0 0 0 20.45454545 0 0 0 0 0 0 2.272727273 0 0 0 0 0 0 0 0 0 0 0 0 0 0 0 0 0 0 0 0 0 0 0 0 0 0 0 0 0 0 0 0 0 0 0 0 0 0 0 0 0 2.272727273 2.272727273 0 0 0 0 0 0 0 0 0 0 0 0 0 0 0 0 0 0 0 0 0 0 0 13.63636364 0 0 0 0 0 0 29.54545455 0 0 0 0 0 0 0 0 0 0 0 0 0 0 0 0 0 0 0 0 0 0 0 0 0 0 0 0 0
10.95890411 0 0 0 1.369863014 0 0 0 0 0 0 0 0 0 0 0 0 0 0 2.739726027 0 0 0 0 0 0 2.054794521 0 0 0 0 2.054794521 0 0 0 0 0 0 0 3.424657534 1.369863014 0 0.684931507 0 0 0 0 0.684931507 0 0 0 0 0.684931507 0 0 0 0 0 9.589041096 0 0 0 21.91780822 0 0 0 1.369863014 0 0 0 6.849315068 0 0 0 0 0 0 0 0 0 0 4.109589041 0 0 0 0 0 3.424657534 0 0 0 9.589041096 2.739726027 0 0 0 0 0 0 3.424657534 0 0 0 0 0 0 0 0 2.739726027 0 0 0 0 0.684931507 0 0 0
0 0 0 0 0 0 0 0 0 0 0 0 0 0 0 0 0 0 0 0 0 0 0 0 0 0 0 0 0 0 0 0 0 0 0 0 0 0 0 0 0 0 0 0 0 0 0 0 0 0 0 0 0 0 0 0 0 0 33.76623377 0 0 0 19.48051948 0 0 0 0 0 0 0 0 0 0 0 0 0 0 0 0 0 0 0 0 0 0 0 0 0 0 0 0 33.76623377 2.597402597 0 0 0 0 0 0 0 0 0 0 0 0 0 0 0 0 0 0 0 0 0 0 0 0
0 0 0 0 0 0 0 0 0 0 0 0 0 0 0 0 0 0 0 0 0 0 0 0 0 0 0 0 0 0 0 0 0 0 0 0 0 0 0 0 0 0 0 0 12.28070175 0 0 0 0 0 0 0 0 0 0 0 0 0 23.68421053 0 0 0 21.92982456 0 0 0 0 3.50877193 0 0 0 0 0 0 0 0 0 0 0 0.877192982 0 0 0 0 0 0 0 0 0 0 0 24.56140351 0 0 0 0 0 0 0 0 0 0 0 0 0 0 0 0 0 0 0 0 0 0 0 0 0
0 0 0 0 0 0 0 0 0 0 0 0 0 0 0 0 0 0 0 0 0 0 0 0 0 0 0 0 0 0 0 0 0 0 0 0 0 0 0 0 0 0 0 0 0 0 0 0 0 0 0 0 0 0 0 0 0 0 26.88172043 0 0 0 21.50537634 0 0 0 0 0 0 0 0 0 0 0 0 0 0 0 0 0 0 0 0 0 0 0 0 0 0 0 0 35.48387097 0 0 0 0 0 0 0 0 0 0 0 0 0 0 0 0 0 0 0 0 0 0 0 0 0
0 0 0 0 0 0 0.793650794 0 6.349206349 0 0 0 0 0 0 0 0 0 0 0 0 0 0 0 0 1.587301587 0 0 0 0 0 0 0 0 0 0 0 0 0 0 0 0 0 0 0 0 0 0 0 0 0 0 20.63492063 0 7.936507937 0 7.936507937 0 0 0 0 0 0 0 0 0 3.968253968 1.587301587 0 0 0 0 0 1.587301587 0 0.793650794 0 0 0 4.761904762 1.587301587 0 0 0 0 0 0 2.380952381 0 0 0 0 0 2.380952381 0 0 0 0 4.761904762 0 0 15.07936508 0 0 0 0 0 0 0 0 0 0 0 0 0 0 0
1.030927835 0 0.687285223 10.30927835 0 0 1.374570447 0 0 0 0 17.18213058 0 1.718213058 0 0 0 0 0 1.718213058 0 0 1.374570447 1.374570447 0 0 0 0 0 0 0 0 0 0.687285223 0 0 0 0 0 0 0.343642612 0 0 0 0 0 0 0 0 0 0 0 0.687285223 0 0 0 0.687285223 0 0 0 0 0 0 1.030927835 0 0 2.06185567 0 0 0 0.687285223 0 0 0 0 0 0 0 2.06185567 2.06185567 4.12371134 0.343642612 0 0 0 0 0 2.405498282 0 0 0 0 0 0 0 0 0 0 12.02749141 0 0 0.687285223 0 0 0 0 0 0 0 0 0 0 0 12.02749141 0 0 0.687285223
1.286173633 0 0 4.501607717 0 1.286173633 1.92926045 0.321543408 0 0 0 0.643086817 0 4.823151125 0 0 0 0 0 1.286173633 0 3.8585209 0 0 0 1.286173633 0 0 0 0 0 0 0 0 0 0 0 0 0 0 0 0 0 0 0 0 0 0 0 0 0 0 4.180064309 0 2.250803859 0.643086817 0 0 0 0 0 0 0 1.607717042 0 0 19.2926045 0 0 0 0 0 0 0 0 0 0 0.643086817 0 3.215434084 3.536977492 0 0 0 0.643086817 0 0.643086817 0 0 0 0 0.643086817 0 0 0 0 0 0 6.430868167 0 0 5.78778135 0 0 0 0 0 0 0 0 0 0 0 21.54340836 0 0 0
0 0 0 1.162790698 0 0 5.23255814 0 0 0 2.325581395 0 0 4.651162791 0 0 0 0 0 5.23255814 0 0 0 0 0 0 0 0 0 0 0 0 0 0.581395349 0 0 0 0 0 0 0 0 0 0 0 0 0 0 0 0 0 1.744186047 16.27906977 0 2.325581395 0 0 0 0 0 0 0 0 1.162790698 0 0 6.395348837 4.069767442 0 0 0 0 0 0 0 0 0 0 5.813953488 5.23255814 1.162790698 0 0.581395349 0 0 0 1.162790698 8.720930233 0 0 0 0 0 0 2.325581395 0 0 0 2.325581395 0 0 0 0 0 0 0 0 0 0 0 0 0 0 5.813953488 0 0 0
3.271028037 0 0 0 2.803738318 0 4.672897196 0 0 0 0 0 0 2.803738318 0 0 0 0 0 0 0 0 0 2.803738318 0 1.401869159 0 0 0 0 0 0 0 0 0 0 0 2.336448598 0 0 0 0 0 0 0 0 0.934579439 0.46728972 0 0 0 0 0.46728972 0 0.46728972 2.803738318 19.1588785 0 0 0 0 0 30.8411215 0 0 0 0.46728972 2.336448598 0 0 2.336448598 0 0 0 0 0 0 0.934579439 0 5.607476636 0 1.869158879 0 0 0 0 0 0 0 0 0 4.672897196 0 0 0 0 0 0 0.934579439 0 0 0 0.934579439 0 0 0 0 0 0 0 0 0 0.46728972 0 0 0 0
33.16455696 0 0 0 0 0 0 0 0 0 0 0 0 0 0 0 0 0 0 0 0 0 1.012658228 0 0.253164557 0 0 0 0 0 0 0 0 0 0 0 0 0 0 0 0 0 0 0 0 0 0 0 0 0 0 0 0.253164557 0 0 0 25.06329114 0 0 0 0 0 0.253164557 0 0 0 2.278481013 0 0 0 3.291139241 0 0 0 0 0.506329114 0 0 0 0.506329114 0 0.506329114 0 1.518987342 0 0 0 0 0 0 0 3.037974684 0 0 0 0 0 0 22.53164557 0.253164557 0 0 0 0 0 0 0 0 0 0 0 0 0 0.506329114 0 0 0
0 0 0 8.695652174 0 1.449275362 7.246376812 0 0 0 0 1.449275362 0 2.898550725 0 0 0 0 0 0 0 5.797101449 0 0 0 0 1.449275362 0 0 0 0 0 0 2.898550725 0 1.449275362 7.246376812 0 0 0 0 0 0 0 0 0 0 0 0 0 0 0 0 0 0 1.449275362 1.449275362 0 0 0 1.449275362 0 0.724637681 0 0 0 0 0.724637681 0 0 0 0 0 2.898550725 0 11.5942029 0 0 3.623188406 4.347826087 0 0 0 0 0 0 0 2.898550725 0 0 0 0 0 0 0 0 0 0 0 0 1.449275362 21.73913043 0 0 0 1.449275362 0 0 0 0 0 0 0 0 0 0 0
25.15151515 0 0 0 0 0 0 0 0 0 0 0 0 0 0 0 0 0 0 0 0 0 0.303030303 0 0 1.818181818 0.303030303 0 0 0 0 0 0 0 0 0 0 0 0 0 0 0 0 0.303030303 0 0 0 0 0 0 0 0 0 0 0 1.818181818 28.48484848 0 0 0 0 0 2.727272727 0 0 0 0 0.909090909 0 0 12.12121212 0 0 0 2.424242424 0.606060606 0 0 0 1.818181818 0 2.727272727 0 0 0 0 0 0 0 0 0 3.333333333 0 0 0 0 0 0 5.454545455 0 0 0 0 0 0 0 0 0.606060606 0 0 0 0 0 0 0 0 0
0.387596899 0 0 0 0.387596899 0 0 0 0 0 0 0 0 0 0 0 0 0 0 0 0 0 1.550387597 0 0 0 1.162790698 0 0 0 0 0 0 0 0 0 0 0 0 0 0 0 0 0.387596899 0 0 0 0 0 0 0 0 0 0 0 0 0 0 52.3255814 0 0 0 7.751937984 0 3.875968992 0 3.488372093 4.263565891 0 0 0 0 0 0 0 0 0 0 0 0 0 0 0 0 0 0 0 0 0 0 0 13.95348837 0 0 0 0 0 0 4.263565891 0 0 0 0 0 0 0 0 0 0 0 0 0 0 1.162790698 1.937984496 0 0
0 0 0 0 0 0 0 0 0 0 0 0 0 0 0 0 0 0 0 0 0 0 0 0 0 0 0 0 0 0 0 0 0 0 0 0 0 0 0 3.821656051 0 0 0 0 0 0 0 0 6.369426752 0 0 0 0 0 0 0 0 0 0 0 0 0 69.42675159 0 0 0 10.1910828 4.458598726 0 0 0 0 0 0 0 0 0 0 0 0 0 0 0 0 0 0 0 0 0 0 0 0 0 0 0 0 0 0 3.184713376 0 0 0 0 0 0 0 0 0 0 0 0 1.27388535 0 0 0 0 0
0 0 0 0 0 0 0 0 0 0 0 0 0 0 0 0 0 0 0 0 0 0 0 0 0 0 1.834862385 0 0 0 0 0 0 0 0 0 0 0.917431193 0 0 0 0 0 4.587155963 0 0 0 0 0 0 0 0 0 0 0 0 1.834862385 0 16.51376147 0 0 0 7.339449541 0 0.917431193 0 5.504587156 1.834862385 0 0 0 0 0 0 0 0 0 0 0 0 0 0 0 0 0 0 0 0.917431193 0 0 0 42.20183486 0 0 0 0 0 0 0 0 0 0 0 0 0 0 0 0 0 0 0 0 0 0 0.917431193 0 0
0 0 0 0 0 0 0 0 0 0 0 0 0 0 0 0 0 0 0 0 0 0 1.339285714 6.919642857 0 0 0 0 0 0 0 0 0 0 0 0 0 2.008928571 0 0 0 0 0 0 0 0 0 0.446428571 0 0 0 0 0 0 0.446428571 0 0 0 6.026785714 0 0 0 2.008928571 4.6875 0 0 0 0 0 0 0 0 0 0 0 0 0 0 0 0.446428571 0 0 0 0 0 0 0 0 0 0 0 1.5625 0 0 0 0 0 0 71.875 0 0 0 0 0 0 0 0 0 0 0 0 0 0 0 0 0 0
0 0 0 0 0 0 0 0 0 0 0 0 0 0 0 0 0 0 0 0 0 0 0 0 0 0 0.396825397 0 0 0 0 0 0 0 0 0 0 0 0 0 0 0 0 0 0 0 0 0 0 0 0 0 0 0 0 0 19.04761905 0 3.174603175 0 0 0 13.0952381 0 0 0 0 1.587301587 0 0 0.396825397 0 0 0 0 0 0 0 0 0 0 0 0 0 0 0 0 0 0 0 0 50.3968254 0 0 0 0 0 0 0.396825397 0 0 0 0 0 0 0 0 0 0 0 0 0 0 0 0 0 0
0 0 0 0 0 0 0 0 0 0 0 0 0 0 0 0 0 0 0 0 0 0 0 0 0 0 0 0 0 0 0 0 0 0 0 0 0 0 0 0 0 0 0 0 0 0 0 0 0 0 1.388888889 0 0 0 0 0 0 0 50.69444444 0 4.166666667 0 0 0 0 0 0 0 0 0 34.02777778 0 0 0 0 0 0 0 0 2.777777778 0 1.388888889 0 0 0 0 0 0.694444444 0 0 0 0.694444444 0 0 0 0 0 0 0 0 0 0 0 0 0 0 0 2.777777778 0 0 0 0 0 0 0 0 0
0 0 0 0 0 0 0 0 0 0 0 0 0 0 0 0 0 0 0 0 0 1.785714286 2.142857143 0 0 0 5.357142857 0 0 0 0 0 0 0 0 0 0 0 0 0 0 0 0 0 0 0 0 0 0 0 0 0 0 0 0 0 26.42857143 0 4.285714286 0 0 0 1.785714286 0 0 0 4.285714286 11.78571429 0 0 17.5 0 0 0 0 0 0 0 0 0 0 0 0 0 0 0 0 0 0 0 0 4.642857143 0 0 0 0 0 0 8.928571429 0.714285714 0 0 0 0 0 0 0 0 0 0 0 0 0 0 0 0 0
0 0 0 0 0 0 0 0 0 0 0 0 0 0 0 0 0 0 0 0 0 0 0 0 0 0 0 0 0 0 0 0 0 0 0 0 0 0 0 0 0 0 0 0 0 0 0 0 1.136363636 0 0 0 0 0 0 0 3.409090909 0 7.386363636 0 0 0 59.65909091 0.568181818 0 0 0 0 0 0 3.409090909 0 0 0 0 0 0 0 0 1.136363636 0 0 0 0 0 0 0 0 0 0 0 14.20454545 0 0 0 0 0 0 1.136363636 0 0 0 0 0 0 0 0 0 0 0 0 0 0 0 0 0 0
0 0 0 0 0 0 0 0 0 0 0 0 0 0 0 0 0 0 0 0 0 0 0 5.063291139 0 0 10.12658228 0 0 0 0 0 0 0 0 0 0 4.219409283 0 0 0 0 0 0 0 0 0 0 0 0 0 0 1.265822785 0 0 0 44.30379747 0 0 0 0 0 6.751054852 0 0 0 0 1.687763713 0 0 0 0 0 0 0 0 0 0 0 0 0 0.843881857 0 0 0 0 0 0 0 0 0 9.70464135 0 0 0 0 0 0 7.172995781 0 0 0 0 0 0 0 0 0.843881857 0 0 0 0 0 0 0 0 0
0 0 0 0 0 0 0 0 0 0 0 0 0 0 0 0 0 0 0 0 0 0 0 0 0 0 1.666666667 0 0 0 0 0 0 0 0 0 0 0 0 0 0 0 1.111111111 0 0 0 5 0 0 0 0 0 0 0 0 0 38.88888889 0 13.33333333 0 0 0 10 0 0 0 0 0 0 0 11.11111111 0 0 0 0 1.111111111 0 0 0 1.111111111 0 0 0 0 0 0 0 0 0 0 0 11.66666667 0 0 0 0 0 0 0 0 0 0 0 0 0 0 0 0 0 0 0 0 0 0 0 0 0
0 0 0 0 0 0 0 0 0 0 0 0 0 0 0 0 0 0 0 0 0 0 0 0 0 0 0 0 0 0 0 0 0 0 0 0 0 0 0 0 0 0 0 0 0 0 0 0 0 0 0 0 0 0 0 0 89.55613577 0 5.483028721 0 0 0 0.522193211 0 0 0 0 0 0 0 0.522193211 0 0 0 0 0 0 0 0 0.522193211 0 0 0 0 0 0 0 0 0 0 0 0 0 0 0 0 0 0 0.261096606 0 0 0 0 0 0 0 0 0 0 0 0 0 0 0 0 0 0
0 0 0 0 0 0 0 0 0 0 0 0 0 0 0 0 0 0 0 0 0 0 0 0 0 0 0 0 0 0 0 0 0 0 0 0 0 0 0 0.531914894 0 0 0 0 0.531914894 0 0 0 0 0 0 0 0 0 0 2.127659574 39.36170213 0 37.76595745 0 0 0 1.063829787 0 0 0 0 0 0 0 3.191489362 0 0 0 0 0 0 0 0 0 0 0 0 0 0 0 0 0 0 0 0 4.255319149 0 0 0 0 0 0 7.978723404 0 0 0 0 0 0 0 0 0 0 0 0 0 0 0 0 0 0
0 0 0.54200542 0.54200542 0 0 1.08401084 0 0 0 0 0 0 0 0 0 0 0 0 0 0 0 0 0 0 0 0 0 0 0 0 0 0 0.54200542 0 0 0 0 0 0 0 0 0 7.046070461 2.98102981 0.54200542 0 9.485094851 0 0 0 0 0 0 0 17.34417344 11.11111111 0 0 0 0 0 4.60704607 0 0 0 0 0 0 0 8.672086721 0 0 2.7100271 0 1.08401084 0 0 0 2.7100271 13.5501355 0 0 0 0 0 0 0.54200542 0 0 0 0 0 0 0 0 0 0 1.08401084 0 1.62601626 1.62601626 0 0 0 0 0 0 0 0 0 0 0 0.27100271 0 0 0.54200542
6.360424028 0 0 1.413427562 0 0 0 0 0 0 0 0 0 0 0 0 0 0 0 0 0 0 0 0.35335689 0 0 0 0 0 0 0 0 0 0 0 0 0 0 0 0 0 0 0 9.187279152 8.833922261 9.540636042 0 27.91519435 0 0.706713781 0 0 0 1.766784452 0 10.24734982 6.360424028 0 0 0 0 0 0 0 0 0 0.35335689 0 0 0 0.706713781 0 0 0 0.706713781 0 0 0.706713781 0 0 0 3.180212014 0 0 0 0 0 0 0 0 0 0 0 0 0 0 0 0 0 0 0 0 0 0 0 0 0 0 0 0 0 0 7.067137809 0 0 0 0
2.415458937 0 0 1.93236715 0 0 0 0 0 0 0 0 0 7.246376812 0 0 0 0 0 0 0 0 3.8647343 0 0 0 0.483091787 0 0 0 0 0 0 0 0 0 0 0 0 0 0.483091787 0 0 5.314009662 8.212560386 3.8647343 0 4.347826087 0.483091787 5.314009662 0 0.483091787 0.966183575 0 0 2.898550725 10.62801932 0 0 0 0 0 0 1.449275362 0 0 2.898550725 2.898550725 0 0 0 0 0 0.966183575 1.93236715 0 0 0 0.966183575 6.280193237 0 0 0 0 0 0 0 2.415458937 0 0 0 0 0 0 0 0 0 0 4.830917874 0.483091787 0.966183575 0 0 0.966183575 0 0 0 0 0 0 0 6.280193237 0.966183575 0 0 0 0
3.96039604 0 0 0 0 0 0 0 0 0 0 0 0 0 0 0 0 0 0 0 0 0 0 1.98019802 0 0 0 0 0 0 0 0 0 0 0 0 0 0 0 0 0 0 0 0 9.900990099 8.910891089 3.96039604 18.81188119 0 0 0 0 0 0 0 5.940594059 22.77227723 0 0 0 0 0 0.99009901 0 0 0 0 0 0 0 0 0 0 0 3.96039604 0 0 0 0 0 0 4.95049505 0 0 0 0 0 0 0 0 0 3.96039604 0 0 0 0 0 0 1.98019802 0 0 0 0 0 0 0 0 0 0 0 0 0 5.940594059 0 0 0 0
0 0 0 0 0 2.75862069 0 0 0 0 0 0 0 1.379310345 0 0 0 0 0 0 0 0.689655172 3.448275862 0 0 0 0 0 0 0 0 0 0 0 0 0 0 0 0 0 0 0 0 0 0 0 0 0 0 0 0 0 0 0 0 8.965517241 13.10344828 0 0 0 0 0 0 6.206896552 0 0 0 2.068965517 0 0 0 0 0 6.896551724 13.79310345 0 0 0 0 0 1.379310345 0 0 0 0 0 2.068965517 0 0 0 0 23.44827586 0 0 0 0 1.379310345 0 2.068965517 0 0 0 0 0 0 0 0 0 0 0 0 0 0 2.068965517 0 0 0
0.309597523 0 0 1.857585139 1.857585139 1.238390093 0 0 0 0 0 0 0 9.907120743 0 0 0 0 0 0 0 1.857585139 2.167182663 0 0 0 1.857585139 0 0 0 0 0 0 0 0 0 0 0 0 0 0 0 0 0 0 0 0 0 0 0 0 0 0.309597523 0 0 0 0 0 11.14551084 0 0 0 0 14.55108359 0 0 0 1.238390093 0 0 0.619195046 0 0 1.238390093 0 0 0 0 0 0 0.619195046 0 0 0 0 0 0 0.619195046 0 0 0 4.024767802 0 0 0 0 7.120743034 0 30.03095975 0 0 0 0 0 0 0 0 0 0 0.619195046 0 0 0 4.334365325 0 0 0
0 0 0 35.88235294 0 0 0 0 0 0 0 0 0 2.352941176 0 0 0 0 0 0 0 0 0 0 0 0 0 0 0 0 0 0 0 0 0 0 0 0 0 0 0 0 0 0 0 0 0 0 0 0 0 0 0 0 0 0 0 0 0 0 0 0 0 9.411764706 0 0 0 0 0 0 0 0 0 0 0 0 0 0 0 0 7.058823529 0 0 0 0 0 0 0 0 0 0 0 0 0 0 0 0 0 1.764705882 0 0 0 0 0 0 0 2.352941176 0 0 0 0 0 0 6.470588235 0 0 0
0 0 0 16.4893617 0 1.063829787 0 0 0 0 0 0 0 6.382978723 0 0 0 0 0 0 0 1.063829787 0 0 0 0 0 0 0 0 0 0 0 0 0 0 0 0 0 0 0 0 0 0 0 0 0 0 0 0 0 0 0 0 0 0 0 0 1.063829787 0 0 0 0 35.63829787 0 0 0 0 0 0 0 0 0 0 0 0 0 0 0 0 6.382978723 0 0 0 0 0 0 2.127659574 0 0 0 0 0 0 0 0 0 0 7.978723404 0 0 0 0 0 0 0 0 0 0 0 0 0 0 16.4893617 0 0 0
0 0 0 0 0 1.242236025 9.937888199 2.48447205 0 0 0 0 0 0 0 0 0 0 0 0 0 0 10.55900621 0 0 0 1.242236025 0 0 0 0 0 0 0 0 0 0 0 0 0 0 0 0 0 0 0 0 0 0 0 0 0 1.242236025 0 2.48447205 0 0 0 0 0 0 0 1.863354037 0 0 0 0 0.621118012 0 0 0 0 0 0 0 0 0 0 6.211180124 12.42236025 0 0 0 0 0 0 0 15.52795031 0 0 0 0 0 0 0 6.211180124 0 0 0 0 3.726708075 0 0 0 0 0 0 0 0 0 0 2.48447205 0 0 0 0 0
0 0 0 0 0 0 0 0 0 0 0 0 0 0 0 0 0 0 0 0 0 0 0 0 0 0 0 0 0 0 0 0 0 0 0 0 0 0 0 0 0 0 0 0 0 0 0 0.980392157 0 0 0 0 0 0 0 0 31.37254902 0 15.68627451 0 0 0 0 0 0 0 3.921568627 0.980392157 0 0 0 0 0 0 0 0 0 0 0 0 0 0 0 0 0 0 0 0 0 0 0 26.47058824 0 0 0 0 0 0 8.823529412 0 0 0 0 0 0 0 0 0 0 0 0 0 0 0 0 0 0
0 0 0 0 0 0 0 0 0 0 0 0 0 0 0 0 0 0 0 0 0 0 0 0 0 0 0 0 0 0 0 0 0 0 0 0 0 0 0 0 0 0 1.342281879 9.395973154 1.342281879 0 8.724832215 0 0 0 0 0 0 0 0 0 8.724832215 0 9.395973154 0 0 0 2.013422819 0 0 0 0 2.684563758 0 0 47.65100671 0 0 0 0 0 0 0 0 0 0 0 0 0 0 0 0 0 0 0 0 4.697986577 0 0 0 0 0 0 0 0 0 0 0 0 0 0 0 0 0 0 0 0 0 0 0 0 0
0 0 0 0 0 0 0 0 0 0 0 0 0 0 0 0 0 0 0 0 0 0 0 0 0 0 0 0 0 0 0 0 0 0 0 0 0 0 0 0 0 0 0 0 0 0 0 0.602409639 0 0 0 0 0 0 0 0 59.63855422 0 0 0 0 0 1.204819277 0 0 0 0 3.012048193 0 0 9.036144578 0 0 0 0 0 0 0 0 7.228915663 0 0 0 0 0 0 0 0 0 0 0 1.204819277 0 0 0 0 0 0 7.831325301 0 0 0 0 0 0 0 0 0 0 0 0 0 0 0 0 0 0
0 0 0 0 0 0 0 0 0 0 0 0 0 0 0 0 0 0 0 0 0 0 0 0 0 0 0 0 0 0 0 0 0 0 0 0 0 0 0 0 0 0 0 0 0 0 0 0 0 0 0 0 0 0 0 0 23.37662338 0 0 0 0 0 2.597402597 0 0 0 0 0 0 0 0 0 0 0 0 0 0 12.98701299 0 10.38961039 0 0 0 0 0 0 0 3.896103896 0 0 0 2.597402597 0 0 0 0 0 0 0 0 0 2.597402597 0 0 0 0 0 0 0 0 0 0 0 0 0 0 0
0.884955752 0 0 0 15.04424779 0 0 0 0 0 0 0 0 0 0 0 0 0 0 0 0 0 0 0 0 0 0 0 0 0 0 0 0 0 0 0 0 0 0 0 0 0 4.424778761 6.637168142 3.097345133 0 0 17.69911504 0 0 0 0 0 0 0 0 0 0 9.292035398 0 0 0 9.734513274 0 0 0 0 0.884955752 0 0 19.46902655 0 0 0 0 0 3.539823009 0 0 0 0 0 0 0 0 0 0 0 0 0 0 3.982300885 0 0 0 0 0 0 0 0 0 0 0 0 0 0 0 0 0 0 0 0 0.442477876 0 0 0 0
0 0 0 0 0 0 0 0 0 0 0 0 0 0 0 0 0 0 0 0 0 0 0 0 0 0 0 0 0 0 0 0 0 0 0 0 0 0 0 0 0 0 2.542372881 7.627118644 13.55932203 0 6.779661017 16.94915254 0 0 0 0 0 0 0 0 0 0 16.10169492 0 0 0 10.16949153 0 0 0 0 0 0 0 0 0 0 0 0 0 0 0 0 0 0 0 0 0 0 0 0 0 0 0 0 11.01694915 1.694915254 0 0 0 0 0 0 0 0 0 0 0 0 0 0 0 0 0 0 0 0 0 0 0 0
0 0 0 15.90909091 1.136363636 2.272727273 0 0 0 0 0 0 0 7.954545455 0 0 0 0 0 0 0 6.818181818 0 0 0 0 0 0 0 0 0 0 0 0 0 0 0 0 0 0 0 0 0 0 0 0 0 0 0 0 0 0 0 0 0 0 0 0 1.136363636 0 0 0 0 19.88636364 0 0 2.272727273 0 0 0 0 0 0 0 0 0 0 0 0 0 1.136363636 0 0 0 0 0 0 0 0 0 0 0 0 0 0 0 0 0 2.840909091 0 0 11.36363636 0 0 0 3.409090909 0 0 0 0 0 0 0 14.20454545 0 0 0
0 0 0 4.12371134 0 0 0 0 0 0 0 0 0 0.687285223 0 0 0 0 0 0 0 0 0 4.810996564 0 0.343642612 0 0 0 0 0 0 0 0 0 0 0 0 0 0 0 0 0 0 0 0 0 0 0 0 0 0 0.687285223 0 0 2.749140893 10.30927835 0 8.934707904 0 6.872852234 0 0.343642612 0 2.405498282 0 0.343642612 0 0 0 0 0 0 0 0 0 0 0 0 1.374570447 9.278350515 0 0 0 0 0 0 0 0 0 0 20.6185567 5.498281787 0 0 0 0 0 12.37113402 0 0 0 0 0 0 0 0 0 0 0 0 0 0 0.687285223 0 0 0
0 0 0 0 0 0 0 0 0 0 0 0 0 3.773584906 0 0 0 0 0 0 0 0 0.943396226 1.886792453 0 0 0 0 0 0 0 0 0 0 0 0 0 0 0 0 0 0 0 0 0 0 0 0 0 0 0 4.716981132 0 0 0 0 0 0 0 0 0 0 8.490566038 0 0 0 16.98113208 0 0 0 0.943396226 0 0 0 0 0 0 0 0 2.830188679 0 0 0 0 0 0 0 0 0 0 0 0 0 0 0 0 0 0 22.64150943 0 0 0 0 0 0 0 0 0 0 0 0 0 0.943396226 14.1509434 0 0 0
0 0 0 0 0 0 0 0 0 0 0 0 0 0 0 0 0 0 0 0 0 0 2.409638554 0 0 0 0 0 0 0 0 0 0 0 0 0 0 0 0 0 0 0 0 0 2.409638554 0 0 2.409638554 0 0 0 0 0 0 0 31.3253012 7.228915663 0 0 0 0 0 0 0 0 0 0 0 0 0 10.84337349 0 0 0 21.68674699 0 0 0 0 2.409638554 0 0 0 0 0 0 0 0 0 0 0 0 0 0 0 0 0 0 2.409638554 0 2.409638554 0 0 0 0 0 0 0 0 0 0 0 0 0 0 0 0
0 4.76900149 0.298062593 8.345752608 0 0 0 0 0 0 0 0 0 0 0 0 0 0 0 0 0 3.874813711 0 0 0 0 0 0 0 0 0 0 0 0 0 0 0 0 0 0 0 0 3.427719821 4.470938897 6.706408346 0.894187779 0.149031297 0.894187779 0 0 0 0 0 0 0 7.600596125 11.62444113 0 0 0.298062593 0 0 0 0 0 0 0 0 0 0 1.192250373 0 0 0 0 0 0 0 0 9.388971684 2.980625931 0 0 0 0 0 0 0.149031297 0 0 0 0 0 0 0 0 0 0 1.192250373 0 5.514157973 5.067064083 0 0 0 0 0 0 0 0.298062593 0 0 0 0.149031297 0 0 0
0 0 0 0.823045267 0 0.411522634 0 0 0 0 0 0 0 4.526748971 0 0 0 0 0 0 0 0 0.205761317 0 1.234567901 0 0 0 0 0 0 0 0 0 0 0 0 0 0 0 0 0 0.823045267 0.411522634 3.29218107 0 0 0 0 0 0 0 0.411522634 0 0 14.40329218 14.81481481 0 3.909465021 0 0 0 0.617283951 2.674897119 0 0 0.411522634 0 0 0 6.790123457 0 0 0 0 0 0 0.411522634 0 0.411522634 2.469135802 0 0 0 0 0 0 1.646090535 0 0 0 0.411522634 0.411522634 0 0 0 0 0 19.75308642 0 0.411522634 1.234567901 0 0 0 0 0 0.411522634 0 0 0 0 0 3.29218107 0 0 0
0 0 0 0 0 0 0 0 0 0 0 0 0 0 0 0 0 0 0 0 0 0 0 0 0 0 0 0 0 0 2.352941176 0 0 0 0 0 0 2.352941176 0 0 0 0 0 0 5.882352941 0 0 0 0 0 0 0 0 0 0 0 0 0 0 0 0 0 89.41176471 0 0 0 0 0 0 0 0 0 0 0 0 0 0 0 0 0 0 0 0 0 0 0 0 0 0 0 0 0 0 0 0 0 0 0 0 0 0 0 0 0 0 0 0 0 0 0 0 0 0 0 0 0 0
0 0 0 0 0 0 0 0 0 0 0 0 0 1.739130435 0 0 0 0 0 0 0 0 0 1.304347826 0 0.434782609 0.434782609 0 0 0 0 0 0 0 0 0 0 0 0 0 0 0 0 16.95652174 4.782608696 0 0 0 0 0 0 0 0.434782609 0 0 10.43478261 7.826086957 0 0 0 0 0 6.52173913 0 0.434782609 0 0.434782609 2.608695652 0 0 33.04347826 0 0 0 1.739130435 0 0 0 0 0.869565217 0 0 0 0 0 0 0 0 0 0 0 3.47826087 0 0 0 0 0 0 0.869565217 0.869565217 0 0 0 0 0 0 0 0 0 0 0 0 0 0 0 0 0
0 0 0 34.42622951 0 0 0 0 0 0 0 0 0 1.639344262 0 0 0 0 0 0 0 0 0 0.819672131 0 0 0 0 0 0 0 0 0 0.819672131 0 0 0 0 0 0 0 0 0 0 0 0 0 0 0 0 0 0 0 0 0 0 0 0 0 0 0 0 1.639344262 1.639344262 0 0 0 4.098360656 0 0 0 0 0 0 0 0 0 0 0 0 3.278688525 0 0 0 0 0 0 0 0 0 0 0 0 0 0 0 0 0 18.03278689 0 0 0 0 0 0 0 0 0 0 0 0 0 0 18.03278689 0 0 0
0 0 0 2.53164557 0 0 0 0 0 0 0 0 0 0 0 0 0 0 0 0 0 0 0 5.063291139 0 1.265822785 0 0 0 0 0 0 0 0 0 0 0 0 0 0 0 0 0 0 0 0 0 0 0 0 0 0 0 0 0 7.594936709 30.37974684 0 0 0 0 0 0 0 0 0 0 0 0 0 10.12658228 0 0 0 0 0 0 0 0 0 0 1.265822785 0 0 0 0 0 0 0 0 0 10.12658228 0 0 0 0 0 0 17.72151899 0 0 0 0 0 0 0 0 0 0 0 0 0 0 0 0 0 0
0 0 0 0 0 0 0 0 0 0 0 0 0 0 0 0 0 0 0 0 0 0 0 0 0 0 0.806451613 0 0 0 0 0 0 0 0 0 0 0 0 0 0 0 0 8.870967742 20.96774194 0 0 1.612903226 0 0 0 0 0 0 0 4.032258065 29.83870968 0 0 0 0 0 4.032258065 0 0 0 0 0 0 0 0 0 0 0 0 0 0 0 0 0 0 0 0 0 0 0 0 0 0 0 0 13.70967742 0 0 0 0 0 0 0 0 0 0 0 0 0 0 0 0 0 0 0 0 0 0 0 0 0
0 0 0 19.76744186 0 0 0 0 0 0 0 0 0 0 0 0 0 0 0 0 0 0 0 0 0 0 0 0 0 0 0 0 0 0 0 0 0 0 0 0 0 0 0 0 0 0 0 0 0 0 0 0 0 0 0 0 0 0 23.25581395 0 0 0 2.325581395 2.325581395 0 0 0 0 0 0 0 0 0 2.325581395 0 0 0 0 0 0 4.651162791 0 0 0 0 0 0 0 0 0 0 4.651162791 0 0 0 0 0 0 16.27906977 2.325581395 0 0 0 0 0 0 0 0 0 0 0 0 0 0 0 0 0
0 0 0 7.092198582 0 0 0 0 0 0 0 0 0 0 0 0 0 0 0 0 0 0 0 0 0 0 0 0 0 0 0 0 0 0 0 0 0 0 0 0 0 0 0 0 0 0 0 0 0 0 0 0 0.709219858 0 0 0 3.546099291 0 0 0 0 0 0 0 0 0 0 0 0 0 0 0 0 0 0 0 0 0 0 1.418439716 4.255319149 0 0 0 0 0 0 2.836879433 0 0 0 3.546099291 0 0 0 0 0 0 44.68085106 0 0 0 0 0 0 0 0 1.418439716 0 0 0 0 0 0.709219858 0 0 0
0 0 0 1.895734597 0 0 0 0 0 0 0 0 0 0 0 0 0 0 0 0 0 1.421800948 0 0 0 0 0 0 0 0 0 0 0 0 0 0 0 0 0 0 0 0 0 0.473933649 0 0 0 0.473933649 0 0 0 0 0 0 0 0 5.687203791 0 5.687203791 0 0 0 0.473933649 0 0 0 0 0 0 0 1.421800948 0 0 0 1.421800948 0 0 0 0 0.947867299 0 0 0 0 0 0 0 0 0 0 0 12.32227488 0 0 0 0 0 0 58.76777251 0 0 0 0 0 0 0 0 0 0 0 0 0 0 0.473933649 0 0 0
0 0 0 12.28070175 0 0 0 0 0 0 0 0 0 1.169590643 0 0 0 0 0 0 0 0 0 0 0 0 0 0 0 0 0 0 0 0 0 0 0 0 0 0 0 0 0 0 3.50877193 2.923976608 0 4.093567251 0 0 0 0 0 0 0 4.678362573 0 0 0 0 0 0 0 0 0 0 0 0 0 0 0 0 0 0 0 1.169590643 0 0 0 0 3.50877193 1.754385965 0 0 0 0 0 12.86549708 0 0 0 0 0 0 0 0 0 0 4.093567251 0.584795322 2.339181287 0 0 0 0 0 0 0 0 0 0 0 29.8245614 0 0 0 0
0 0 0 1.941747573 0 0 1.941747573 0 0 1.941747573 1.941747573 0 0 1.941747573 0 0 0 0 0 0 0 0 4.854368932 0 0 0 0 0 0 0 0 0 0 3.883495146 0 0 0 0 0 0 0 0 0 0 0 0 0 0 0 0 0 0 0 0 0 1.941747573 0 0 0 0 0 0 0 0 0 0 0 0 0 0 0 0 0 0 0 0 0 0 1.941747573 0 9.708737864 0 1.941747573 0 0 0 0 31.06796117 0 0 0 0 0 0 0 0 0 0 5.825242718 0 0 13.59223301 0 0 0 0 0 1.941747573 0 0 0 0 0 1.941747573 0 0 0
0 0 0 1.503759398 0 0 0 0 0 0 0 0 0 0 0 0 0 0 0 0 0 0 0 0 0 0 0 0 0 0 0 0 0 0 0 0 0 0 0 0 0 0 0 0 6.766917293 0.751879699 0 18.79699248 0 0 0 0 0 0 0 8.270676692 17.29323308 0 0 0 1.503759398 0 0 0 0 0 0 0 0 0 1.503759398 0 0 0 0 0 0 0 0 2.255639098 7.518796992 0.751879699 0 0 0 0 0 9.77443609 0 0 0 0 0 0 0 0 0 0 2.255639098 0 11.27819549 0 0 0 0 0 0 0 0 1.503759398 0 0 6.015037594 0 0 0 0
2.752293578 0 0 0 0 0 0 0 1.834862385 0 0 0 0 1.834862385 0 0 0 0 0 0 0 0 0 0 0 0 0 0 0 0 0 0 0 0 0 0 0 0 0 0 0 0 0.917431193 8.256880734 29.35779817 9.174311927 0.917431193 24.7706422 0 0 0 0 0 0 0 0 0 0 0 0 0 0 0 0 0 0 0 0 0 0 0 1.834862385 0 1.834862385 0 0 0 0 0 0 0 0 1.834862385 0 0 0 0 5.504587156 0 0 0 0 0 0 0 0 0 0 0 0 0 1.834862385 0 0 0 0 0 0 0 0 0 0 5.504587156 1.834862385 0 0 0
0 0 0 0 0 0 0 0 0 0 0 0 0 5.128205128 0 0 0 0 0 0 0 0 0 0 0 0 0 0 0 0 0 0 0 0 0 0 0 0 0 0 0 0 0 4.273504274 31.62393162 1.709401709 0 17.09401709 0 0 0 0 0 0.854700855 0 5.128205128 0.854700855 0 0 0 0 0 0 1.709401709 0 0 0 0 0 0 1.709401709 0 0 0 0 0 0 0 0 2.564102564 3.418803419 1.709401709 0 0 0 0 0 0 0 0 0 2.564102564 3.418803419 0 0 0 0 0 1.709401709 0 0 1.709401709 0 0 0 0 0 0 0 0 0 0 0 0.854700855 0 0 0
0 0 0 2.469135802 0 1.234567901 0 0 0 0 0 0 0 0 0 0 0 0 0 0.617283951 0 0 1.234567901 0 0 0 0.617283951 0 0 0 0 0 0 0 0 0 0 0 0 0 0 0 0 0 4.320987654 2.469135802 0 5.555555556 0 0 0 0 1.851851852 0.617283951 1.234567901 7.407407407 0 0 0 0 0 0 0 0 0 0 0 0 0 0 3.086419753 0 0 0 0 0 0 0 0 0.617283951 9.87654321 0.617283951 0 0 0 0 0 4.938271605 0 0 0 0 0 0 0 0 0 0 3.086419753 0.617283951 1.234567901 0 0 0 0 0 0 0 0 0 0 0 32.09876543 0 0 0 0
1.492537313 0 0 18.65671642 0 0 0 0 0 0 0 1.492537313 0 4.47761194 0 0 0 0 0 0.746268657 0 0 0 0 1.492537313 0 0 0 0 0 0 0 0 0 0 0 0 0 0 0 0 0 0 0 0 0 0 0 0 0 0 0 0 0 0 0 0 0 1.492537313 0 0 0 0 0 0 0 0 0 0 0 1.492537313 0 0 0 0 0 0 0 2.985074627 8.955223881 14.92537313 0 0 0 0 0 0 0 0 0 0 0.746268657 0 0 0 0 0 0 1.492537313 0 23.13432836 7.462686567 0 0 0 0 0 1.492537313 0 0 0 0 0 1.492537313 0 0 0
0 0 0 18.93004115 0 0 0.823045267 0 0 0 0 12.34567901 0 0.823045267 0 0 0 0 0 0 0 0.823045267 0.823045267 0 0 0 0 0 0 0 0 0 0 0 0 0 0 0.823045267 0 0 0 0 0 0 1.234567901 0 0 0 1.646090535 0 0 0.823045267 0 0 0 2.469135802 4.938271605 0 0 0 0 0 0 0 0 0 0 0.411522634 0 0 3.29218107 0 0 0 0 0.411522634 0 0 0 4.526748971 12.34567901 0 0 0 0 0 0 9.465020576 0 0 0 0 0 0 0 0 0 0 4.526748971 0 1.646090535 1.646090535 0 0 0 0 0 0 0 0 0 0 0 5.349794239 0 0 0
6.666666667 0 4.444444444 0 0 0 0 0 0 0 0 0 0 0 0 0 0 0 0 0 0 0 0 0 0 0 0 0 0 0 0 0 0 0 0 0 0 0 0 0 0 0 0 5.925925926 7.407407407 0 0 14.07407407 0 0 0 0 0 0 0 4.444444444 19.25925926 0 0 0 0 3.703703704 0 0 0 0 0 0 0 0 0.740740741 0 0 0 0 0 0 0 0 2.222222222 0 0 0 0 0 0 0 0 0 0 0 0.740740741 0 0 0 0 0 0 0 0 4.444444444 13.33333333 0 0 0 0 0 0 0 0 0 0 0.740740741 0 0 0 0
7.586206897 0 0 0 0 0 13.10344828 0 0 0 0 0 0 0 0 0 0 0 0 0 1.379310345 0 0 0 0 0 0 0 0 0 0 0 0 0 0 0 0 0 0 0 0 0 0 0 0 0 0 0 0 0 0 0 0 0 0 0 8.965517241 0 0 0 0 0 0 0 0 0 0 0 0 0 18.62068966 0 0 0 0 0.689655172 0 0 1.379310345 2.75862069 1.379310345 0 0 0 0 0 0 2.068965517 0 0 0 0 0 0 0 0 0 0 9.655172414 0 0 0 0 0 0 0 0 0 0 1.379310345 0 0 20.68965517 0 0 0 0
1.776649746 0 1.015228426 7.614213198 0 0.507614213 0 0 0 0 0 0 0 8.121827411 0 0 0 0 0 0 0 1.015228426 0 0 0 0 0 0 0 0 0 0 0 0 0 0 0 0 0 0 0 0 0.76142132 5.076142132 0.507614213 0.253807107 0 0 0 0 0 1.269035533 0 0 0 16.49746193 2.538071066 0 0 0 0 0 0.76142132 0 0 0 0 0 0 0 0.253807107 0 0 0 0 0 0 0 0.507614213 17.25888325 9.137055838 0 0 0 0 0 0 0.507614213 0 0 0 1.015228426 0 0 0 0 0 0 2.538071066 0 0.507614213 11.4213198 0 0 0 0 0 2.538071066 0 0 0 0 0.253807107 0 0 0 0
0 0 0 24.7706422 0 0 0 0 0 0 0 20.18348624 0 0 0 0 0 0 0 0 0 0 0 0 0 0 0 0 0 0 0 0 0 0 0 0 0 0 0 0 0 0 1.834862385 1.834862385 0 0 0 1.834862385 0 0 0 0 0 0 0 0 1.834862385 0 0 0 0 0 0 0 0 0 3.669724771 0 0 0 0 0 0 0 0 0 0 0 1.834862385 0 7.339449541 0 0 0 0 0 0 3.669724771 0 0 0 0 0 0 0 0 0 0 3.669724771 0 3.669724771 7.339449541 0 0 0 0 0 1.834862385 0 0 0 0 0 2.752293578 0 0 0
0.943396226 0 0 1.886792453 0 0 0 0 0 0 0 0 0 0 0 0 0 0 0 0 0 0 0 0 0.943396226 0 0 0 0 0 0 0 0 0 0 0 0 0 0 0 0 0 0 0 0 4.716981132 0 0.943396226 0 0 0 0 0.943396226 0 0 9.433962264 15.09433962 0 0 0 0 0.943396226 0 0 0 0 0 0 0 0 26.41509434 0 0 0 0 0 0 0 2.830188679 1.886792453 1.886792453 0 0 0 0 0 0 3.773584906 0 0 0 0 0 0 0 0 0 0 0 0 1.886792453 0 0 0 0 0 0 0 0 0 0 0 1.886792453 0 0 0 0
3.947368421 0 0 1.315789474 0 0 0 0 2.631578947 0 0 0 0 0 0 0 0 0 0 0 0 0 0 0 0 1.315789474 1.315789474 0 0 0 0 0 0 0 0 0 0 0 0 0 0 0 1.315789474 21.05263158 18.42105263 0 0 0 0 0 0 0 0 0 0 0 3.947368421 0 0 0 2.631578947 0 0 0 0 0 0 0 0 0 7.894736842 0 0 0 0 2.631578947 0 0 0 5.263157895 0 0 0 0 0 0 0 0 0 0 0 0 0 0 0 0 0 0 1.315789474 0 7.894736842 5.263157895 0 0 0 0 0 0 0 0 0 0 0 0 0 0 0
17.59259259 0 0 1.851851852 0 1.851851852 0 0 0.925925926 0 0 0 0 0 0 0 0 0 0 0 0.925925926 0.925925926 0 0 0 0 0 0 0 0 0 0 0 0 0 0 0 0 0 0 0 0 0 0 0 0 0 0 0 0 0 0 0 0 0 0 6.481481481 0 0 0 0 0 3.703703704 0 0 0 0.925925926 0 0 0 12.03703704 0 0 0 3.703703704 0 0 0 0 5.555555556 1.851851852 0.925925926 0 0 0 0 0 0.925925926 0 0 0 6.481481481 1.851851852 0 0 0 0 0 9.259259259 0 0 0 0 0 0 0 0 0 0 0 0 0 0.925925926 5.555555556 0 0 0
9 0 0 0 0 0 0 0 0 0 0 0 0 10 0 0 0 0 0 0 0 0 0 0 0 0 0 0 0 0 0 0 0 0 0 0 0 0 0 0 0 0 0 41 4 0 0 0 0 0 0 0 0 2 0 0 8 0 0 0 0 0 0 0 0 0 0 2 0 0 4 0 0 0 4 0 0 0 0 0 0 4 0 0 0 0 0 2 0 2 0 2 0 0 0 0 2 0 0 0 0 0 0 0 0 0 0 0 0 0 0 0 0 1 0 0 0
11.44278607 0 0 0 0 0.995024876 0 0 0 0 0 0 0 0 0 0 0 0 0 0 0 0 0 0.995024876 0 0 0 0 0 0 0 0 0 0 0 0 0 0 0 0 0 0 0.497512438 0 0 0 0 0 0 0 0 0 0 0 0 0.995024876 34.82587065 0 0 0 0 0 0 3.980099502 0 0 5.472636816 21.89054726 0 0 2.985074627 0 0 0 0 0 0 0 0 1.990049751 0 0 0 0 0 0 0 0.497512438 0 0 0 6.965174129 0.995024876 0 0 0 1.990049751 0 0.995024876 0 0 0 0 0 0 0 0 0 0 0 0 0 0 0 0 0 0
9.090909091 0 0 0 0 0 0 0 0 0 0 0 0 0 0 0 0 0 0 0 0 0 1.298701299 0 0 2.597402597 0 0 0 0 0 0 0 0 0 0 0 0 0 0 0 0 0 1.298701299 0 0 0 0 0 0 0 2.597402597 0 0 0 2.597402597 10.38961039 0 2.597402597 0 0 0 3.896103896 0 0 0 0 0 0 0 10.38961039 0 0 0 15.58441558 0 0 0 0 0 0 3.896103896 0 0 0 0 0 0 0 0 0 16.88311688 2.597402597 0 0 0 0 0 0 0 0 0 0 0 0 0 0 0 0 0 0 0 2.597402597 0 0 0 0
18.62464183 0 0 4.871060172 0 0 0 0 0 0 0 0 0 2.29226361 0 0 0 0 0 0 0 0 1.146131805 3.724928367 0 0 0 0 0 0 0 0 0 0 0 0 0 0 0 0 0 0 0 0.573065903 0.859598854 0 0 0 0 0 0 0 0 0 0 0 17.47851003 0 2.29226361 0 0 0 0 0.286532951 0 0 2.29226361 0 0 0 10.88825215 0 0 0 0 0 0 0 0 6.017191977 0 0.573065903 0 0 0 0 0 0.859598854 0 0 0 2.29226361 0 0 0 0 0 0 6.876790831 0.573065903 0 4.584527221 0 0 0 0 0 0 0 0 0 0 0 4.011461318 0 0 0
21.78217822 0 0 0 0 0 0 0 0 0 0 0 0 1.98019802 0 0 0 0 0 0 0 0 0 0 0 0 0 0 0 0 0 0 0 0 0 0 0 0 0 0 0 0 0 0 4.95049505 0 0 25.74257426 0 0 0 0 0 0 0 0 25.74257426 0 0 0 0 0 0 0 0 0 0 0 0 0 0 0 0 0 0 0 0 0 0 0 0 0 0 0 0 0 0 0 0 0 0 6.930693069 5.940594059 0 0 0 0 0 0.99009901 0 0 0 0 0 0 0 0 0 0 0 0 0 0.99009901 0 0 0 0
13.1147541 0 0 0 0 4.918032787 0 0 0 0 0 0 0 3.278688525 0 0 0 0 0 0 0 0 0 0 0 0 0 0 0 0 0 0 0 0 0 0 0 0 0 0 0 0 0 0 2.459016393 0 0 8.196721311 0 0 0 0 0 0 0 0 18.85245902 0 0 0 0 0 0 0 0 0 0 0 0 0 0 0 0 0 0 0 0 0 4.918032787 1.639344262 0 1.639344262 0 0 0 0 0 0 0 0 0 4.918032787 7.37704918 0 0 0 0 0 18.85245902 0 0 0 0 0 0 0 0 0 0 0 0 0 0.819672131 0 0 0 0
21.33333333 0 0 16 0 1.333333333 0 0 0 0 0 0 0 4 0 0 0 0 0 0 0 1.333333333 0 0 0 0 0 0 0 1.333333333 0 0 0 0 0 0 0 0 0 3.333333333 0 0 0 0 2 0 0 5.333333333 0 0 0 0 0 0 0 12.66666667 0 0 0 0 0 0 1.333333333 0 0 0 1.333333333 0 0 0 2.666666667 0 0 0 0 0 0 0 0 1.333333333 0 0 0 0 0 0 0 0 1.333333333 0 0 3.333333333 0 0 0 0 0 0 8 0 0 0 0 1.333333333 0 0 0 0 0 0 0 0 0.666666667 2.666666667 0 0 0
8.333333333 0 0.980392157 0.980392157 0 0.980392157 0 0 0 0 0 0 0 0 0 0 0 0 0 0 0 0 0 0 0 0 0 0 0 4.901960784 0 0 0 0 0 0 0 0 0 0.490196078 0.490196078 0 0 0 1.470588235 0 0 7.843137255 0 0 0 0 0.980392157 0 0 11.2745098 26.47058824 0.980392157 0.490196078 0 0 0 0 6.37254902 0 0 2.450980392 0 0 0 0 0 0 0 0 0 0 0 0 0 0 0.980392157 0 0 0 0 0 0 0 0 0 0.980392157 0 0 0 0 0 0 4.901960784 0.980392157 0 0 0 0 0 0 0 0 0 0 0 7.843137255 0.980392157 0.980392157 0 0 0
0 0 1.470588235 22.05882353 0 0 0 0 0 0 0 0 0 0 0 0 0 0 0 0 0 0 0 0 0 0 0 0 0 0 0 0 0 0 0 0 0 0 0 0 0 0 0 3.676470588 0.735294118 0 0 3.676470588 0 0 0 0 1.470588235 0 0 27.20588235 0 0 0 0 0 0 0 0 0 0 0 0 0 0 0 0 0 0 0 0 0 0 0 7.352941176 7.352941176 0 0 0 0 0 0 0 0 0 0 0 0 0 0 0 0 0 8.088235294 0 0 0 0 0 0 0 0 0 0 0 0 0 0.735294118 0 0 0 0
26.37362637 0 0 0 0 0 0 0 0 0 0 0 0 1.098901099 0 0 0 0 0 0 0 0 0 0.549450549 0 0 0 0 0 0 0 0 0 0 0 0 0 0 0 0 0 0 0 0 10.43956044 0.549450549 0 0 0 0 0 0 0 0 0 1.098901099 35.16483516 0 0 0 0 0 0 0 0 0 0 1.098901099 0 0 3.296703297 0 0 0 0 0 0 0 0 1.098901099 0 0.549450549 0 0 0 0 0 0 0 0 0 7.692307692 0 0 0 0 0 0 1.098901099 0 0 4.945054945 0 0 0 0 0 0 0 0 0 0 0.549450549 1.648351648 0 0 0
0 0 0 1.5625 0 0 0 0 0 0 0 0 0 3.125 0 0 0 0 0 0 0 0 0 0 0 0 0 0 0 0 0 0 0 0 0 0 0 0 0 0 0 0 16.40625 2.34375 14.84375 0.78125 3.125 0 0 0 0 0 1.5625 0 0 0 16.40625 0 0 0 0 0 0 0 0 0 1.5625 0 0 0 0 0 0 0 0 3.90625 0 0 0 4.6875 2.34375 4.6875 0 0 0 0 0 3.90625 0 0 0 0.78125 0 0 0 0 0 0 0 0 0 3.125 0 0 0 0 0 1.5625 0 0 0 0 4.6875 1.5625 0 0 0
0 0 0 0 0 0 0 0 0 0 0 0 0 1.515151515 0 0 0 0 0 0 0 0 21.96969697 0 0 0 0 1.515151515 0 0 0 0 0 0 0 0 0 0 0 0 0 0 0 0 0 0 0 0 0 0 0 0 2.272727273 0 0 0 0 0 0 0 0 0 0 0 0 0 0 0 0 0 1.515151515 1.515151515 0 4.545454545 0 0 0 1.515151515 4.545454545 21.21212121 4.545454545 0 0 0 0 0 0 2.272727273 0 0 0 0 0 0 0 0 0 0 0 0 22.72727273 0 0 0 0 0 0 0 0 0 0 0 0 0 0 0 0
10.57692308 0 0 2.884615385 0 0 0 0 0 0 0 0 0 1.923076923 0 0 0 0 0 0 0 0 0 0 0 0 0 0 0 0 0 0 0 0 0 0 0 0 0 0 0 0 0 4.807692308 1.923076923 0 0 0 0 0 0 0 2.884615385 1.923076923 0 3.846153846 23.07692308 0 0 0 0 0 0 0 0 0 0 0 0 0 0.961538462 0 0 0 0 0 0 0 0 12.5 1.923076923 0 0 0 0 0 0 0 0 0 0 0 0 0 0 0 0 0 3.846153846 0 0 15.38461538 0 0 0 0 0 0 0 0 0 0 0 1.923076923 0 0 0
4.402515723 0 0 0 0 0 0 0 0 0 0 0 0 3.144654088 0 0 0 0 0 0 0 0 6.289308176 0 0 0 0 0 0 0 0 0 0 0 0 0 0 0 0 0 0 0 1.257861635 13.20754717 11.94968553 0 0 0 0 0 0 0 0 0 0 0 11.94968553 0 0 0 0 0 0.628930818 0 0 0 3.144654088 5.660377358 0 0 3.773584906 0 0 0 1.886792453 0 0 0 0 6.918238994 2.51572327 0.628930818 0 0 0 0 0 0 0.628930818 0 0 3.144654088 0 0 0 0 0 0 6.918238994 0 0 0 0 0 0 0 0 0 0 0 0 0 1.257861635 3.144654088 0 0 0
14.0776699 0 3.883495146 2.912621359 0 0 0 0 0 0 0 0 0 1.941747573 0 0 0 0 0 0 0 0 0 0 0 0 0 0 0 0 0 0 0 0 0 0 0 0 0 0 0 0 0.970873786 7.281553398 0.970873786 0 0.970873786 0.970873786 0 0 0 0 0 0.970873786 0 0 13.59223301 0 4.854368932 0 0 0 0 6.796116505 0.970873786 0.970873786 0 0.970873786 0 0 5.339805825 0 0 0 1.941747573 0 0 0 0 7.281553398 1.941747573 0 0 0 0 0 0 0 0 0 0 1.941747573 0 0 0 0 0 0 1.941747573 0 2.912621359 0 0 0 0 0 0 0 0.970873786 0 0 0 0.485436893 5.825242718 0 0 0
3.743315508 0 0 3.20855615 0 0 0 0 0 0 0 0 0 0 0 0 0 0 0 0 0 0 0 0 0 0 0 0 0 0 0 0 0 0 0 0 0 0 0 0 0 0 0 0.534759358 0 0 0 0 0 0 0 0 0 0.534759358 0 0 11.22994652 0 0 0 0 0 0 0.534759358 0 0 0 0 0 0 45.45454545 0 0 0 1.604278075 1.069518717 0 0 0 2.673796791 0 0 0 0 0 0 0 2.673796791 0 0 0 0 0 0 0 0 0 0 3.743315508 0 5.347593583 0 0 0 0 0 0 0 0 0 0 0 0 5.882352941 0 0 0
0 0 0.909090909 1.818181818 0 0 0 0 0 0 0 0 0 0 0 0 0 0 0 0 0 0.454545455 0 0 0 0 0 0 0 0 0 0 0 0 0 0 0 0 0 0 0 0 0.454545455 4.545454545 3.181818182 0.454545455 0 2.272727273 0 0 0 0 0 0 0 0 29.54545455 0 0.454545455 0 0 0 0 0 0 0 0 0 0 0 0 0 0 0 0 0 0 0 0.909090909 13.63636364 14.54545455 0 0 0 0.454545455 0 0 0 0 0 0 0 0 0 0 0 0 0 7.272727273 0.909090909 4.545454545 0 0 0 0 0 0 0 0 0 0 0 0 0 0 0 0
5.147058824 0 0 0 0 0 0 0 0 0 0 0 0 2.941176471 0 0 0 2.941176471 0 1.470588235 0 0 4.411764706 0 0 0 0.735294118 0 0 0 0 0 0 0 0 0 0 0 0 0 0 0 0 0 0 0 0 2.941176471 0 0 0 0 0 0 0 0 1.470588235 0 0 0 0 0 0 0 0 0 0 0 0 0 2.941176471 0 0 0 0 0 0 10.29411765 2.941176471 8.823529412 0 0 0 0 2.941176471 0 0 19.85294118 0 13.23529412 0 1.470588235 0 0 0 0 0 0 7.352941176 0 0 0 0 0 0 0 0 0 0 0 0 0 2.205882353 0 0 0 0
21.17117117 0 0.900900901 2.702702703 0 0 0 0 0 0 0 0 1.801801802 0.900900901 0 0 0 0 0 0 0 0 0 0 0 0 0 0 0 0 0 0 0 0 0 0 0 0 0 0 0 0 0 0.45045045 0.45045045 0 4.504504505 0.45045045 0 0 0 0 0 0 0 0 24.32432432 0 0 0 0 0 0 0 0 0 0 0 0 0 5.405405405 0 0 0 1.801801802 0 0 0 1.801801802 9.009009009 0 0.900900901 0 0 0 0 0 0 0.900900901 0 0 0.45045045 0 0 0 0 0 0 0.900900901 0 4.504504505 0 0 0 0 0 0 0 0 0 0 0 0 4.954954955 0 0 0
14.17322835 0 0 0 3.937007874 0 0 0 0 0 0 0 0 0 0 0 0 0 0 0.787401575 0 0 0 0 0 0 0 0 0 0 0 0 0 0 0 0 0 0 0 0 0 0 0 0 0 0 0 0.787401575 0 0 0 0 0 0 0 2.362204724 28.34645669 0 0 0 0 0 1.57480315 0 0 0 0 1.57480315 0 0 0.787401575 0 0 0 0 0.787401575 0 0 0 3.149606299 0 0.787401575 0 0 0 0 0 0.787401575 0 0 0 25.19685039 0 0 0 0 0 0 1.57480315 0 0 0 0 0 0 0 0 1.57480315 0 0 0 0 0.787401575 0 0 0 0
0 0 0 0 0 0 0 0 0 0 0 0 0 0 0 0 0 0 0 0 0 0 0 1.923076923 0 0 0 0 0 0 0 0 0 0 0 0 0 0 0 0 0 0 0 7.692307692 1.923076923 0 7.692307692 3.846153846 0 0 0 0 0 0 0 0 1.923076923 0 12.5 0 0 0 3.846153846 2.884615385 2.884615385 0 0 3.846153846 0 0 12.5 0 0 0 0 0 0 0 0 2.884615385 0 0 0 0 0 0 0 0 0 0 0 12.5 0 0 0 0 0 0 12.5 0 0 0 0 0 0 0 0 0 0 0 0 0 0 0 0 0 0
25.71428571 0 0 0 0 0 0 0 0 0 0 0 0 0 0 0 0 0 0 0 0 1.428571429 0.714285714 5 0 2.857142857 0 0 0 0 0 0 0 0 0 0 0 0 0 0 0 3.571428571 0 0 0 0 0 0.714285714 0 0 0 0 0 0 1.428571429 1.428571429 14.28571429 0 0 0 0 0 5.714285714 3.571428571 2.857142857 0 0 0 0 0 0 0 0 0 0 0 0 1.428571429 0 2.857142857 1.428571429 1.428571429 0 0 0 0 0 0 0 0 0 10 0 0 0 0 0 0 4.285714286 4.285714286 0 0 0 0 0 0 0 0 0 0 0 0 0 0 0 0 0
0 0 0 0 0 0 12.90322581 0 0 0 0 0 0 1.612903226 0 0 0 0 0 0 0 0 0 8.064516129 0 0 0 0 0 0 0 0 0 0 0 0 0 0 0 0 0 0 8.064516129 0 0 0 0 0 0 0 0 0 0.806451613 0 0 0 0 0 0 0 0 0 0 0 1.612903226 0 4.838709677 0 0 0 0 0 0 0 0 0 3.225806452 0 0 0 0 0 0 0 0 0 0 50 0 0 0 0 0 0 0 0 0 0 0 0.806451613 0 0 1.612903226 0 6.451612903 0 0 0 0 0 0 0 0 0 0 0 0
0 0 0 0 0 0 0 0 0 0 0 0 0 1.639344262 0 0 0 0 0.819672131 0 0 0 0 2.459016393 0 0 0.819672131 0 0 0 0 0 0 0 0 0 0 0 0 0 0 0 39.3442623 0 0 0 0 0 0 0 0 0 0.819672131 0 1.639344262 0 3.278688525 0 1.639344262 0 0 0 0 0 0 0 0.819672131 0 0 0 0 0 0 0 0 0 0 0 0 0 3.278688525 0 0 0 0 0 0 30.32786885 0 0 0 0 0 0 0 0 0 0 0 0 0 0 0 0 11.47540984 0 0 0 0 0 0 0 0 0 0 0 0
0 0 0 0 0 0 2.259887006 0 1.129943503 0 0 0 0 1.129943503 0 0 0 0 0 0 0 0 0 1.129943503 0 0 1.129943503 0 0 0 0 0 0 0 0 0 0 0 0 0 0 0 37.28813559 0 0 0 0 0 0 0 0 0 0 0 0 0 0 0 0 0 0 0 0 0 0 0 0 0 0 0 0 0 0 0 0 0 0 0 0 0 1.129943503 0 0 0 0 0 0 52.54237288 0 0 0 0 0 0 0 0 0 0 0 0 0 0 0 0 2.259887006 0 0 0 0 0 0 0 0 0 0 0 0
0 0 0 0 0 0 13.33333333 0 0 0 0 0 0 0 0 0 0 0 1.904761905 1.904761905 0 2.857142857 0 14.28571429 0 0 19.04761905 0 0 0 1.904761905 0 0 0 0 0 0 0 0 0 0 0 0.952380952 0 0 0 0 0 0 0 0 0 1.904761905 0 0 0 0 0 0 0 0 0 0 2.857142857 0 0 1.904761905 0 0 0 0 0 0 0 0 0 0 0 0 0 1.904761905 0 0 3.80952381 0 0 0 18.0952381 0 0 0 0 0 0 0 0 0 0 0 0 0 0 0 0 13.33333333 0 0 0 0 0 0 0 0 0 0 0 0
0 0 0 0 0 0 0 0 0 0 0 0 0 0 0 0 0 0 0 0 0 1 0 4 0 0 2 0 0 0 10 0 3 0 0 0 0 2 0 8 1 0 14 0 0 0 0 0 0 0 0 0 7 0 2 0 6 0 0 0 0 0 0 4 2 0 3 0 0 0 0 0 0 0 0 0 0 0 0 0 0 0 0 0 0 0 0 5 0 0 0 0 0 0 0 0 0 1 0 1 0 0 0 0 4 0 0 0 20 0 0 0 0 0 0 0 0
0 0 0 0 0 0 11.96581197 3.418803419 4.273504274 0 0 0 0 0 0 0 0 0 0 0 0 0 0 12.82051282 0 0 1.709401709 0 0 0 0 0.854700855 0 0 0 0 0 1.709401709 0 0 0 0 12.82051282 0 0 0 0 0 0 0 0 0 0.854700855 0 0 0 3.418803419 0 0 0 0 0 0 0 5.982905983 0 2.136752137 0 0 0 0 0 0 0 0 0 0 0 0 0 0 0 0 5.128205128 0 0 0 19.23076923 0 0 0 0 0 0 0 0 0 0 0 0 0 0 0 0 8.547008547 0 0 0 2.136752137 0 0 0 0 0 0 0 0
0 0 0 0 0 0 2.803738318 0 0 0 0 0 0 1.869158879 0 0 0 0 0 0 0 2.803738318 0 0.934579439 0 0 3.738317757 0 0 0 3.738317757 0 0 0 0 0 0 3.738317757 0 3.738317757 0 0 13.08411215 0 0 0 0 0 0 0 0 0 1.869158879 0 0 0 11.21495327 0 1.869158879 0 0 0 0 3.738317757 0 0 3.738317757 0 1.869158879 0 0 1.869158879 0 0 0 0 0 0 0 0 0 0 0 1.869158879 0 0 0 25.23364486 0 0 0 0 0 0 1.869158879 0 0 0.934579439 0 0 0 0 0 0 7.476635514 0 0 0 0 0 0 0 0 0 0 0 0
0 0 0 0 0 0 17.21311475 0 2.049180328 0 0 0 0 2.049180328 0 0 0 0 3.073770492 0 0 0.819672131 0 0.409836066 0 0 0 0 0 0 0 0 0 1.229508197 0 0 0 0 0 0 0 0 23.97540984 0 0 0 0 0 0 0 0 0 1.639344262 0 0 0.409836066 1.229508197 0 0.819672131 0 0 0 0 1.844262295 0 0 0 0 0 0 0 0.409836066 0 0 0 0 0 0 0 0 0 0 0 2.868852459 0 0 0 26.8442623 0 0 0 0 0 0 0.614754098 0 0 0 0 0 0 0 0 0 9.426229508 0 0 0 0.409836066 0 0 0 0 0 0 0 0
0 3.448275862 0 0 0.862068966 0 15.51724138 0 0 0 0 0 0 1.724137931 0 0 0 0 3.448275862 0 0 0.862068966 0 1.724137931 0 0 0 0 0 0 0 0 0 6.896551724 0 0 0 0 0 0 0 0 1.724137931 0 0 0 0 0 0 0 0 0 4.310344828 0 0 0 5.172413793 0 0 0 0 0 0 0 0 0 0 0 0 0 0 0 0 0 0 0 4.310344828 0 0 0 1.724137931 0 0 2.586206897 0 0 0 33.62068966 0 0 0 0 0 0 0 0 0 0 0 0 0 0 0 0 3.448275862 0 0 0 0 0 0 0 0 0 0 0 0
0 0 0 0 0 0 2.564102564 0 0 0 0 0 0 0 0 0 0 0 0 0 0 0 0 6.837606838 0 0 0 0 0 0 1.709401709 0 0 0 0 0 0 0 0 1.709401709 2.564102564 0 12.82051282 0 0 0 0 0 0 0 0 0 0 0 0 0 22.22222222 0 0 0 0 0 0 5.982905983 0 0 0 0 0 0 0 0 0 0 0 0 0 0 0 0 0 0 0 0 0 0 0 13.67521368 0 0 0 0.854700855 0 0 0 0 0 0 0 0 0 0 0 0 29.05982906 0 0 0 0 0 0 0 0 0 0 0 0
0 0 0 0 0 0 3.16091954 0 0.574712644 0 0 0 0 2.873563218 0 0 0 0 0 0 0 0 0 2.298850575 0 0 0.574712644 0 0 0 0.574712644 0 0 0 0 0 0 0.574712644 0 0.862068966 0 0 41.66666667 0 0 0 0 0 0 0 0 0 0 0 0 0 3.448275862 0 0.574712644 0 0 0 0 1.149425287 0 0 0 0 0 0 0 1.724137931 0 0 0 0 0 0 0 0 0.574712644 0 0 2.298850575 0 0 0 20.40229885 0 0 0 0 0 0 0 0 0 0 0 0 0 0 0 0 15.51724138 0 0 0 0.574712644 0 0 0 0 0 0 0 0
0 0 0 0 0 0 3.50877193 0 0 0 0 0 0 0 0 0 0 0 2.339181287 0 0 0 0 2.923976608 0 0 0 0 0 0 0 0 0 0 0 0 0 0 0 0 0 0 34.50292398 0 0 0 0 0 0 0 0 0 0 0 0 1.169590643 22.22222222 0 3.50877193 0 0 0 0 1.169590643 0 0 0 0 0 0 0 0.584795322 0 0 0 0 0 0 0 0 1.169590643 0 0 0 0 0 0 9.941520468 0 0 0 0 0 0 0 0 0 0 0 0 0 0 0 0 14.61988304 0 0 0 0 0 0 0 0 0 0 0 0
0 0 0 0 0 0 4.275534442 0.475059382 0 0 0 0 0 1.90023753 0 0 3.325415677 0 4.513064133 0 0 0 0 0 0 0 0 0 0 0 0.475059382 0 0 0.475059382 0 0 0 0 0 0.475059382 0 0 15.67695962 0 0 0 0 0 0 0 0 0 0 0 0 0 13.30166271 0 0.950118765 0 0 0 0 2.850356295 0 0 0 0 0 0 0 0.950118765 0 0 0 0 0.475059382 0 0 0 1.425178147 0 0 1.90023753 0 0 0 39.42992874 0 0 0 0 0 0 0 0 0 0 0 0 0 0 0 0 7.125890736 0 0 0 0 0 0 0 0 0 0 0 0
0 3.773584906 0 0 0 0 2.51572327 0 2.51572327 0 0 0 0 10.06289308 0 0 0 0 0 1.257861635 0 0 0 5.660377358 0 0 5.031446541 0 0 0 0 0 1.257861635 0 0 0 0 1.257861635 0 3.773584906 1.257861635 0 19.49685535 0 0 0 0 0 0 0 0 0 0 0 0 0 0 0 5.031446541 0 1.257861635 0 0 0 0 0 0 0 0 0 0 0 0 0 0 0 0 0 0 0 0 0 0 0 0 0 0 28.30188679 0 0 0 0 0 0 0 0 0 0 0 0 0 0 0 0 0 0 0 0 5.031446541 0 0 0 0 0 0 0 0
0 16.55172414 3.448275862 0 0 0 5.517241379 0.689655172 0 0 0 0 0 0.689655172 0 0 0 0 0 0 0 0.344827586 0 4.827586207 0 0 0 0 0 0 0 0 0 0 0 0 0 1.379310345 0 0 0.344827586 0 17.24137931 0 0 0 0 0 0 0 0 0 0.344827586 0 0 0 1.034482759 0 1.379310345 0 0 0 0 0 1.379310345 0 0 0 0 0 0 0 0 0 0 0 0 0 0 0 0 0 0 1.379310345 0 0 0 37.5862069 0 0 0 0 0 0 0 0 0 2.068965517 0 0 0 0 0 0 0 0 0 0 1.379310345 0 0 0 0 0 0 0 0
0 0 1.990049751 0 0 0 0 0 0 0 0 0 0 0.995024876 0 0 0 0 0 0 0 0 0.995024876 0 0 0 0 0 0 0 0 0 0 0 0 0 0 0 0 0 0 0 29.85074627 0 0 0 0 0 0 0 0 0 0 0 0 14.92537313 17.91044776 0 6.965174129 0 0 0 0 0 0 0 0.995024876 0 0 0 0 2.985074627 0 0 0 0 0 0 0 0 1.990049751 0 0 0 0 0 0 11.44278607 0 0 0 0 0 0 0 0 0 0 0 0 0 0 0 0 2.985074627 0 0 0 0 0 0 0 0 0 0 0 0
0 0 0 0 0 0 0 0 0 0 0 0 0 0 0 0 0 0 0 0 0 0 0 0 0 0 0 0 0 0 7.547169811 0 1.886792453 0 0 0 0 0 0 0 0.943396226 0 8.490566038 0 0 0 0 0 0 0 0 0 0 0 0 0 3.773584906 0 1.886792453 0 0 0 0 0 14.1509434 0 0 0 0 0 0 0 0 0 0 0 0 0 0 0 0 0 0 0 0 0 0 9.433962264 0 0 0 0 0 0 0 0 0 0.943396226 0 0 0 0 0 0 35.8490566 0 0 0 15.09433962 0 0 0 0 0 0 0 0
0 0 0 0 0 0 0 0 0 0 0 0 0 0 0 0 0 0 1.62601626 0 0 0 0 0 0 0 0 0 0 0 0 0 0 0 0 0 0 0 0 0 0 0 11.38211382 0 0 0 0 0 0 0 0 0 0 0 0 1.62601626 56.91056911 0 13.00813008 0 0 0 0 0 0 0 0 0 0 0 0 6.504065041 0 0 0 0 0 0 0 0 0 0 0 0 0 0 0 7.317073171 0 0 0 0 0 0 0 0 0 0 0 0 0 0 0 0 1.62601626 0 0 0 0 0 0 0 0 0 0 0 0
0 0 0.682593857 0 0 0 0 0 0 0 0 0 0 0 0 0 0 0 0 0 0 0 0 0 0 0 0 0 0 0 0.682593857 0 0 0 0 0 0 0 0 0 0 0 6.484641638 0 0 0 0 0 0 0 0 0 0.682593857 0 0 8.873720137 16.04095563 0 3.412969283 0 0 0 0 4.778156997 1.706484642 0 0 0 0 0 0 0 0 0 0 0 0 0 0 0 0 0 0 0 0 0 0 24.91467577 0 0 0 0 0 0 0 0 0 0 0 0 0 0 0 0 26.62116041 0 0 0 0.682593857 0 0 0 0 0 0 0 0
0 0 0 0 0 0 0 0 0 0 0 0 0 0.854700855 0 0 0 0 0 0 0 0 0 3.418803419 0 0 0 0 7.264957265 0 11.53846154 0 2.136752137 0 0 0 0 0 0 11.11111111 3.418803419 0 14.52991453 0 0 0 0 0 0 0 0 0 0 0 0 0 2.564102564 0 0 0 0 0 0 2.564102564 5.128205128 0 0 0 0.854700855 0.854700855 0 1.709401709 0 0 0 0 0.427350427 0 0 0 0 0 0 0 0 0 0 2.991452991 0 0 0 0 0 0 1.282051282 0 0 0 0 0.854700855 0 0 0 0 0.854700855 0 0 0 19.65811966 0 0 0 0 0 0 0 0
0 0 0 0 0.790513834 0 6.324110672 0 0 0 0 0 0 0 0 0 0 0 0 0 0 0.395256917 0 5.928853755 0 0 0 0 0 0 0 0 0 0 0 0 0 1.581027668 0 0.790513834 2.766798419 0 36.36363636 0 0 0 0 0 0 0 0 0 1.976284585 0 0 0 3.162055336 0 4.347826087 0 0 0 0 3.162055336 0 0 0 0 0 0 0 0 0 0 0 0 0 0 0 0 0 0 0 0.790513834 0 0 0 16.2055336 0 0 0 0 0 0 0 0 0 0 0 0.790513834 0 0 0.790513834 0 6.719367589 0 0 0 5.533596838 0 0 0 0 0 0 0 0
0 0 0 0 0 0 8.527131783 1.550387597 0 0 0 0 0 0.775193798 0 0 0 0 0 0 0 0 0 0.775193798 0 0 0.387596899 0 0.775193798 0 0 0 0 0 0 0 0 0 0 0 0 0 16.66666667 0 0 0 0 0 0 0 0 0 0 0 0 1.550387597 18.60465116 0 6.201550388 0 0 0 0 1.162790698 0 0 0 0 0 0 0 0 0 0 0 0 0 0 0 0 0 0 0 0.775193798 0 0 0 28.29457364 0 0 0 0.775193798 0 0 0 0 0 0 0 0 0 0 0 0 8.527131783 0 0 0 0 0 0 0 0 0 0 0 0
0 0 0 0 0 0 2.23880597 0 0 0 0 0 0 1.492537313 0 0 0 0 0 0 0 0 0 2.985074627 0 0 0 0 0 0 0 0 0 0 0 0 0 0 0 0 0 0 17.91044776 0 0 0 0 0 0 0 0 0 0 0 1.492537313 1.492537313 17.91044776 0 4.47761194 0 6.71641791 0 0 1.492537313 0 0 0 0 0 0 0 0 0 0 0 0 0 0 0 0 0 0 0 1.492537313 0 0 0 2.985074627 0 0 0 0 0 0 0 0 0 0 0 0 0 0 1.492537313 0 28.35820896 0 0 0 0 0 0 0 0 0 0 0 0
0 0 0 0 0 0 0 0 0 0 0 0 0 0 0 0 0 0 0 0 0 0.662251656 0 0 0 0 0 0 0 0 0 0 0 0 0 0 0 0 0 0 0 0 28.47682119 0 0 0 0 0 0 0 0 0 1.324503311 0 0 0 29.13907285 0 1.324503311 0 0 0 0 6.622516556 0 0 0 0 0 0 0 0 0 0 0 0 0 0 0 0 0 0 0 2.649006623 0 0 0 16.55629139 0 0 0 1.324503311 0 0 0 0 0 0 0 0 0 0 0 0 7.947019868 0 0 0 0 0 0 0 0 0 0 0 0
0 0 0 0 0 0 0 0 0 0 0 0 0 0 0 0 0 0 0 0.740740741 0 0.740740741 0 0 0 0 0 0 0 0 0 0 0 0 0 0 0 0 0 4.444444444 3.703703704 0 28.88888889 0 0 0 0 0 0 0 0 0 0 0 0 0 25.92592593 0 0 0 0 0 0 4.444444444 1.481481481 0 0 0 0 0 0 0 0 0 0 0 0 0 0 0 0 0 0 0 0 0 0 8.888888889 0 0 0 0 0 0 0 0 0 0 0 0 0 0 0 0 11.85185185 0 0 0 3.703703704 0 0 0 0 0 0 0 0
0 0 0 0 2.419354839 0 0 0 0 0 0 0 0 0 0 0 0 0 0 0 0 1.612903226 0 0 0 0 0 0 0 0 4.032258065 0 0.806451613 0 0 0 0 0 0 5.64516129 1.612903226 0 16.93548387 0 0 0 0 0 0 0 0 0 1.612903226 0 1.612903226 0 25.80645161 0 3.225806452 0 0 0 0 0.806451613 0.806451613 0 0 0 0 0 0 1.612903226 0 0 0 0 0 0 0 0 1.612903226 0 0 3.225806452 0 0 0 7.258064516 0 0 0 0 0 0 0 0 0 3.225806452 0 1.612903226 0 0 1.612903226 0 4.838709677 0 0 0 8.064516129 0 0 0 0 0 0 0 0
0 0 0 0 0 0 9.418282548 0 0 0 0 0 0 1.662049861 0 0 0 0 0 0 0 0.55401662 0 1.385041551 0 0 4.432132964 0 0 0 0 0 0 0 0 0 0 0 0 0 0 0 14.68144044 0 0 0 0 0 0 0 0 0 0 0 0 0 8.864265928 0 3.324099723 0 2.493074792 0 0 4.986149584 0 0 10.8033241 0 0 0 0 0 0 0 0 0 0 0 0 0 0 0 0 0 0 0 0 24.93074792 0 0 0 0.831024931 0 0 0 0 0 0 0 0 0 0 0 0 11.08033241 0 0 0 0.55401662 0 0 0 0 0 0 0 0
0 0 1.97044335 0 0 0 2.955665025 0 0 0 0 0 0 0 0 0 1.97044335 0 0 0 0 4.433497537 0 9.359605911 0 0 4.433497537 0 0 0 0 0 0 0.985221675 0 0 0 2.955665025 0 0 0 0 24.13793103 0 0 0 0 0 0 0 0 0 0.985221675 0 0 1.97044335 2.955665025 0 0 0 0 0 0 0 1.97044335 0 1.97044335 0 0 0 0 2.955665025 0 0 0 0 0 0 0 0 3.9408867 0 0 3.9408867 0 0 0 16.25615764 0 0 0 0 0 0 0 0 0 0.985221675 0 0 0 0 0 0 5.911330049 0 0 0 2.955665025 0 0 0 0 0 0 0 0
0 0 0 0 0 0 9.022556391 1.503759398 0.751879699 0 0 0 0 1.503759398 0 0 0 0 0 0 0 1.879699248 0 2.631578947 0 0 0 0 0 0 0 0 0 0 0 0 0 0 0 0 0 0 23.68421053 0 0 0 0 0 0 0 0 0 0.37593985 0 0 0 1.503759398 0 0.751879699 0 0 0 0 2.631578947 0.751879699 0 0 0 0 0 0 0.751879699 0 0 0 0 0.751879699 0 0 0 0 0 0 1.503759398 0 0 0 3.383458647 0 0 0 2.255639098 0 0 0 0 0 0 0 0.751879699 0 0 0 0 42.85714286 0 0 0 0 0 0 0 0 0 0 0 0
0 0 0 0 0 0 14.68531469 1.398601399 0 0 0 0 0 3.496503497 0 0 0 0 5.594405594 0 0 0 0 5.594405594 0 0 6.993006993 0 0.699300699 0 0 0 0 0 0 0 0 0 0 0 0 0 22.02797203 0 0 0 0 0 0 0 0 0 0.34965035 0 0 0 0 0 0 0 0 0 0 1.748251748 0 0 19.58041958 0 0.699300699 0 0 0.699300699 0 0 0 0 0 0 0 0 0 0 0 0.699300699 0 0 0 14.33566434 0 0 0 0 0 0 0 0 0 0 0 0 0 0 0 0 1.398601399 0 0 0 0 0 0 0 0 0 0 0 0
0 0 0 0 0 0 15.59633028 0 0 0 0 0 0 7.339449541 0 0 0 0 3.669724771 0 0 0 0 5.04587156 0 0 6.880733945 0 0 0 0 0 0 0 0 0 0 0 0 0 0 0 8.256880734 0 0 0 0 0 0 0 0 0 0 0 0 0 0.917431193 0 0 0 0 0 0 5.504587156 0 0 16.51376147 0 0.458715596 0 0 0 0 0.917431193 0 0 0 0 0 0 0.917431193 0 0 1.834862385 0 0 0 21.10091743 0 0 0 0 0 0 0.458715596 0 0 0 0 0 0 0 0 0 2.752293578 0 0 0 0.917431193 0 0 0 0 0 0 0 0
0 0 0 0 0 0 1.470588235 0 0 0 0 0 0 1.470588235 0 0 0 0 2.205882353 0 0 0 0 2.205882353 0 0 2.941176471 0 2.205882353 0 0 0 0 0 0 0 0 1.470588235 0 2.573529412 0.735294118 0 23.16176471 0 0 0 0 0 0 0 0 0 0 0 0 0 4.044117647 0 0.735294118 0 0 0 0 6.25 0 0 2.941176471 0 0 0 0 0 0 0 0 0 0.367647059 0 0 0 2.205882353 0 0 1.470588235 0 0 0 21.69117647 0 0 0 0 0 0 0 0 0 0 0 0 0 0 0 0 19.85294118 0 0 0 0 0 0 0 0 0 0 0 0
0 0 0 0 0 0 5.303030303 0 0 0 0 0 0 1.515151515 0 0 0 0 4.545454545 0 0 0.757575758 0 0 0 0 3.03030303 0 0 0 0 0 0 0 0 0 0 0 0 0 0 0 25 0 0 0 0 0 0 0 0 0 0.757575758 0 0 0 1.515151515 0 0 0 0 0 0 0 0 0 3.787878788 0 0 0 0 0 0 0 0 0 2.272727273 0 0 0 10.60606061 0 0 0 0 0 0 17.42424242 0 0 0 0 0 0 0.757575758 0 0 0 0 0 0 0 0 0 18.18181818 0 0 0 0 0 0 0 0 0 0 0 0
0 0 0 0 0 0 0 0 0 0 0 0 0 0 0 0 0 0 0 0 0 0 0 0 0 0 0 0 6.578947368 0 5.921052632 0 0 0 0 0 0 2.631578947 0 11.84210526 3.289473684 0 14.47368421 0 0 0 0 0 0 0 0 0 0 0 0 0 1.315789474 0 5.263157895 0 0 0 0 3.289473684 9.210526316 0 0 0 0 0 0 0.657894737 0 0 0 0 0 0 0 0 0 0 0 0 0 0 0 2.631578947 0 0 0 0 0 0 0 0 0 4.605263158 0 1.973684211 0 0 0 0 0 0 0 0 25 0 0 0 0 0 0 0 0
0 0 0 0 0 0 1.515151515 0 0 0 0 0 0 0 0 0 0 0 1.515151515 2.272727273 0 3.03030303 0 1.515151515 0 0 0 0 0 0 0 0 0 0 0 0 0 1.515151515 0 0 0 0 26.51515152 0 0 0 0 0 0 0 0 0 1.515151515 0 0 0 5.303030303 0 3.03030303 0 0 0 0 0 3.03030303 0 0 0 0 0 0 10.60606061 0 0 0 0 0.757575758 0 0 0 3.03030303 0 0 1.515151515 0 0 0 23.48484848 0 0 0 0 0 0 0 0 0 0 0 0 0 0 0 0 1.515151515 0 0 0 7.575757576 0 0 0 0 0 0 0 0
0 0 1.843317972 0 0 0 25.80645161 1.843317972 0 0 0 0 0 1.843317972 0 0 0 0 0 0 0 0.921658986 0 0.921658986 0 0 3.686635945 0 0 0 0 0 0 0 0 0 0 0 0 1.382488479 0.460829493 0 10.59907834 0 0 0 0 0 0 0 0 0 0 0 0 0 0 0 2.764976959 0 0 0 0 1.843317972 11.52073733 0 0 0 0 0 0 2.764976959 0 0 0 0 0 0 0 0 1.843317972 0 0 9.216589862 0 0 0 10.13824885 0 0 0 0 0 0 0 0 0 0 0 0 0 0 0 0 0 0 0 0 5.529953917 0 0 0 0 0 0 0 0
0 0 1.015228426 0 0 0 27.41116751 3.045685279 0 0 0 0 0 0 0 0 0 0 4.568527919 0 0 0.507614213 0 1.52284264 0 0 0 0 0 0 0 0 0 8.121827411 0 0 0 0 0 0 0 0 3.553299492 0 0 0 0 0 0 0 0 0 0 0 0 0 0 0 0 0 0 0 0 0 0 0 2.538071066 0 0 0 0 0 0 0 0 0 0 0 0 1.015228426 0 0 0 4.060913706 0 0 0 18.78172589 0 0 0 0 0 0 2.030456853 0 0 0 0 0 0 0 2.030456853 0 15.2284264 0 0 0 0 0 0 0 0 0 0 0 0
0 0 1.913875598 0 0 0 3.827751196 0 0 0 0 0 0 0 0 0 0 0 7.416267943 1.913875598 0 1.196172249 0 1.435406699 0 0 5.263157895 0 0.4784689 0 1.435406699 0 0 1.435406699 0 0 0 0 0 0.717703349 0 0 4.545454545 0 0 0 0 0 0 0 0 0 0.4784689 0 0 0 0.4784689 0 0.956937799 0 0 0 0 0.4784689 0.717703349 0 2.153110048 0 0 0 0 0.4784689 0 0 0 0 0.717703349 0 0 0 0.956937799 0 0 0 0 0 0 3.588516746 0 0 0 0 0 0 0 0 0 0 0 0 0 0 11.48325359 0 44.49760766 0 0 0 0.4784689 0 0 0 0 0 0 0 0
0 0 1.360544218 0 0 0 2.721088435 0 0 0 0 0 0 1.360544218 0 0 0 0 0 0 0 2.721088435 0 2.721088435 0 0 1.360544218 0 0 0 0 0 0 1.360544218 0 0 0 0 0 2.040816327 1.360544218 0 44.89795918 0 0 0 0 0 0 0 0 0 0 0 0 1.360544218 1.360544218 0 6.12244898 0 0 0 0 3.401360544 2.040816327 0 0 0 0 0 0 1.360544218 0 0 0 0 0 0 0 0 0 0 0 4.081632653 0 0 0 5.442176871 0 0 0 0 0 0 0 0 0 0 0 2.040816327 0 0 0 0 8.163265306 0 0 0 0 0 0 0 0 0 0 0 0
0 0 0 0 0 0 19.81981982 0 0 0 0 0 0 0 0 0 0 0 0 0 0 0 0 0 0 0 0.900900901 0 0 0 0 0 0 0 0 0 0 0 0 0 0 0 6.306306306 0 0 0 0 0 0 0 0 0 0 0 0 1.801801802 3.603603604 0 0 0 0 0 0 0 0 0 0 0 0 0 0 0 0 0 0 0 0 0 0 0 5.405405405 0 0 0 0 0 0 1.801801802 0 0 0 0 0 0 4.504504505 0 0 0 0 0 0 0 3.603603604 0 43.24324324 0 0 0 0 0 0 0 0 0 0 0 0
0 0 0 0 0 0 13.79310345 0 0 0 0 0 0 1.724137931 0 0 0 0 9.482758621 0 0 0.862068966 0 0 0 0 0 0 0 0 0 0 0 0 0 0 0 0 0 0 0 0 18.10344828 0 0 0 0 0 0 0 0 0 0 0 0 0 3.448275862 0 0 0 0 0 0 0 0 0 0 0 0 0 0 0 0 0 0 0 0 0 0 0 0 0 0 0 0 0 0 38.79310345 0 0 0 0 0 0 0.862068966 0 0 0 0 4.310344828 0 0 0 0 6.896551724 0 0 0 0 0 0 0 0 0 0 0 0
0 13.06122449 0 0 0 0 0 0 0 0 0 0 0 0 0 0 0 0 1.632653061 0 0 0.816326531 0 0.408163265 0 0 0 0 0 0 0 0 0 28.97959184 0 0 0 0 0 0 0 0 9.387755102 0 0 0 0 0 0 0 0 0 0 0 0 3.265306122 1.632653061 0 0 0 0 0 0 0 0 0 0 0 0 0 0 0.816326531 0 0.408163265 0 0 0 0 0 0 4.897959184 0 0 0 0 0 0 25.71428571 0 0 0 0 0 0 0 0 0 0 0 0 0 0 0 0 3.265306122 0 0 0 0 0 0 0 0 0 0 0 0
0 4.938271605 2.469135802 0 0 0 13.99176955 0 0 0 0 0 0 0 0 0 0 0 4.938271605 0 0 2.057613169 0 1.646090535 0 0 2.057613169 0 0 0 0 0 0 10.69958848 0 0 0 0 0 0 0 0 3.703703704 0 0 0 0 0 0 0 0 0 0 0 0 0 4.938271605 0 0 0 0 0 0 0 0 0 1.646090535 0 0 0 0 0 0 0 0 0 0 0 0 2.469135802 3.29218107 0 0 0 0 0 0 24.69135802 0 0 0 0 0 0 0 0 0 0 0 0 0 0 0 0 16.46090535 0 0 0 0 0 0 0 0 0 0 0 0
0 0 0 0 0 0 21.65605096 0 0 0 0 0 0 0 0 0 0 0 3.821656051 0 0 0 0 0 0 0 0.636942675 0 0 0 0 0 0 0 0 0 0 0 0 0 0 0 4.458598726 0 0 0 0 0 0 0 0 0 3.184713376 0 0 3.821656051 7.643312102 0 0 0 0 0 0 0 0 0 0.636942675 0 0 0 0 0 0 0 0 0 0 0 0 0 0 0 0 0 0 0 0 24.20382166 0 0 0 0 0 0 5.095541401 0 0 0 0 0.636942675 0 0 3.821656051 0 14.01273885 0 0 0 0 0 0 0 0 0 0 0 0
0 0.896860987 4.484304933 0 0 0 23.76681614 0 6.278026906 0 0 0 0 0.896860987 0 0 0 0 0 0.448430493 0 0 0 0.896860987 0 0 0 0 0 0 0 0 0 0 0 0 0 0 0 0 0 0 21.97309417 0 0 0 0 0 0 0 0 0 0 0 0 0 7.174887892 0 0 0 0 0 0 1.34529148 3.139013453 0 0 0 0 0 0 0.896860987 0 0 0 0 0.896860987 0 0 0 4.484304933 0 0 0 0 0 0 16.14349776 0 0 0 0 0 0 0 0 0 0 0 0 0 0 0 0 2.69058296 0 0 0 0 0 0 0 0 0 0 0 0
0 0 0 0 0 0 0 8.4 0 0 0 0 0 0.8 0 0 0 0 0 0.8 0 3.6 0 0 0 0 2.4 0 0 0 0.8 0 0.8 0 0 0 0 0 0 2.4 2 0 49.6 0 0 0 0 0 0 0 0 0 0 0 0 0 2.8 0 0 0 0 0 0 2 0 0 3.2 0 0 0 0 4 0 0 0 0 0 0 0 0 0 0 0 2.4 0 0 0 9.6 0 0 0 0 0 0 0.4 0 0 0 0 0 0 0 0 0 0 0 0 0 4 0 0 0 0 0 0 0 0
0 0 2.69058296 0 0 0 0 0 0 0 0 0 0 1.793721973 0 0 0 0 4.035874439 0.896860987 0 3.139013453 0 2.69058296 0 0 0 0 0 0 0 0 0 9.865470852 0 0 0 0 0 0 0 0 7.623318386 0 0 0 0 0 0 0 0 0 0 0 0 0 0 0 0 0 0 0 0 0 0 0 0 0 0 0 0 0 0 0 0 0 0 0 0 0 0 0 0 0.896860987 0 0 0 55.15695067 0 0 0 0 0 0 4.035874439 0 0 0 0 1.34529148 0 0 0 0 2.69058296 0 0 0 0 0 0 0 0 0 0 0 0
0 0 1.5625 0 0 0 0 0 0 0 0 0 0 0 0 0 0 0 0 0 0 7.03125 0 0 0 0 5.46875 0 0 0 9.375 0 0 0 0 0 0 0 0 4.6875 0 0 36.71875 0 0 0 0 0 0 0 0 0 3.90625 0 1.5625 1.5625 1.5625 0 0 0 0 0 0 1.5625 0 0 1.5625 0 0 0 0 1.5625 0 0 0 0 0.78125 0 0 0 1.5625 0 0 0 0 0 0 4.6875 0 0 0 0 0 0 0.78125 0 0 0 0 0 0 0 0 0 4.6875 0 0 0 9.375 0 0 0 0 0 0 0 0
0 0 17.82178218 0 0 0 1.98019802 0 0 0 0 0 0 0 0 0 0 0 0 0 0 11.88118812 0 0 0 0 0.99009901 0 0 0 0.99009901 0 0 0 0 0 0 0 0 0.99009901 0.495049505 0 25.74257426 0 0 0 0 0 0 0 0 0 0 0 0 9.900990099 9.900990099 0 0 0 0 0 0 0 0 0 0 0 0 0 0 1.98019802 0 0 0 0 0 0 0 0 0 0 0 0 0 0 0 11.88118812 0 0 0 0 0 0 0 0 0 1.485148515 0 0 0 0 0 0 1.98019802 0 0 0 0.99009901 0 0 0 0 0 0 0 0
0 0 0 0 0 0 0 0 0 0 0 0 0 0 0 0 0 0 0 0 0 0 0 0 0 0 0.775193798 0 0 0 0 0 0 0 0 0 0 0 0 0 1.550387597 0 6.201550388 0 0 0 0 0 0 0 0 0 0 0 0 0 0 0 0 0 0 0 52.71317829 11.62790698 0 0 0 0 0 0 0 1.550387597 0 0 0 0 0 0 0 0 0 0 0 0 0 0 0 0.775193798 0 0 0 24.03100775 0 0 0 0 0 0 0 0 0 0 0 0 0 0 0 0 0 0 0 0 0 0 0 0 0
0 0 0 0 7.326007326 0 2.197802198 0 0 0 0 0 0 0.732600733 0 0 0 0 1.465201465 0 0 0.366300366 0 1.465201465 0 0 2.564102564 0 0 0 2.197802198 0 0.732600733 0 0 0 0 1.465201465 0 4.029304029 2.197802198 0 1.465201465 0 0 0 0 0 0 0 0 0 0 0 0 0 21.24542125 0 0 0 0 0 0 15.75091575 0 0 0 0 0.732600733 0 0 0 0 0 0 0 0 0 0 0 0 0 0 0 0 0 0 13.18681319 0 0 0 0 0 0 0.366300366 0 0 0 0 0 0 0 0 0 13.18681319 0 0 0 3.663003663 0 0 0 0 0 0 0 0
0 0 0 0 3.007518797 0 0 0 0 0 0 0 0 0 0 0 0 0 0 1.503759398 0 0 1.503759398 0 0 0 0 0 0 0 4.511278195 0 0 0 0 0 0 1.503759398 0 7.518796992 6.015037594 0 18.79699248 0 0 0 0 0 0 0 0 0 0 0 0 1.503759398 7.518796992 0 1.503759398 0 0 0 0 7.518796992 0 0 0 0 0 0 0 0 0 0 0 0 0 0 0 0 1.503759398 0 0 0 0 0 0 2.255639098 0 0 0 0 0 0 0 0 0 0.751879699 0 0 0 0 0 0 19.54887218 0 0 0 6.015037594 0 0 0 0 0 0 0 0
0 0 0 0 0.62305296 0 2.492211838 0 0 0 0 0 0 0.62305296 0 0 0 0 0 0 0 0.934579439 0 0 0 0 0.934579439 0 0 0 0.934579439 0 0.31152648 0 0 0 0 0.62305296 0 4.361370717 1.246105919 0 14.95327103 0 0 0 0 0 0 0 0 0 0.31152648 0 1.869158879 5.607476636 3.738317757 0 0 0 0 0 0 0 0.31152648 0 2.492211838 0 0.62305296 0 0 0.62305296 0 0 0 0 0 0 0 1.246105919 0.62305296 0 0 0 0 0 0 4.984423676 0 0 0 0 0 0 0 0 0 0 0 0 0 0 1.246105919 0 45.48286604 0 0 0 0.62305296 0 0 0 0 0 0 0 0